number.of.states,birth.rate,iteration,receiver.entropy,proportion,sender.convex,interaction,sender.converged,receiver.eu,sender.eu,sender.convexity,meta.step,receiver.converged,sender.entropy,impairment
30,0.05,0,0.8828396733873014,0.33333333333333331,0,weak,False,4.8913825853314643,4.8913825853314643,1.1931991699639066e-09,1,False,0.6796481777664275,0.0
30,0.05,0,0.8828396733873014,0.33333333333333331,0,weak,False,4.8913825853314643,4.8913825853314643,1.1931991699639066e-09,1,False,0.6796481777664275,0.05
30,0.05,0,0.8828396733873014,0.33333333333333331,0,weak,False,4.8913825853314643,4.8913825853314643,1.1931991699639066e-09,1,False,0.6796481777664275,0.1
30,0.05,1,0.87956966920448743,0.33616351746237,0,weak,False,5.5525367314757723,5.5877648305297418,4.9451543826759096e-08,1,False,0.73891548132546736,0.0
30,0.05,1,0.96347625637987033,0.33439250274175902,0,weak,False,5.5374797774276647,5.5441311860045976,1.7591138179382676e-06,1,False,0.89710347964805737,0.05
30,0.05,1,0.97530711159582661,0.32944397979587098,0,weak,False,5.4797493688773908,5.4378698612464884,1.6376630719511809e-06,1,False,0.94486964260392781,0.1
30,0.05,2,0.85530335518172707,0.34119225825223182,0,weak,False,6.2764415619115059,6.2446313393894979,3.5435378292175595e-06,1,False,0.70042704554753277,0.0
30,0.05,2,0.94109029941136013,0.33665853834181175,1,weak,False,6.1998827922455,6.2202447866135557,7.3697534380186188e-05,1,False,0.83195766670755822,0.05
30,0.05,2,0.95744724291166117,0.32214920340595643,1,weak,False,6.0257865245757376,6.0375777190577793,6.1311621517685811e-05,1,False,0.87619960617236736,0.1
30,0.05,3,0.80880879690584628,0.34606266154376852,0,weak,False,7.539877211990051,7.3684555706180976,0.00036496650504075882,1,False,0.6034503916078624,0.0
30,0.05,3,0.89790684070004756,0.33962555369121583,1,weak,False,7.397150547899356,7.4309058492416966,0.0038240082446033539,1,False,0.66758018115700746,0.05
30,0.05,3,0.92516000751428829,0.31431178476501559,1,weak,False,7.0973219378970906,7.2436011340694861,0.0032649745530325043,1,False,0.69909418775803822,0.1
30,0.05,4,0.75463819592522097,0.35017951165575084,0,weak,False,8.8079345538035945,8.6003363619902586,0.023430050500381387,1,False,0.45329703113360198,0.0
30,0.05,4,0.84855471832340201,0.34193058590520564,1,weak,False,8.6509957976275764,8.6693771285944745,0.066400435926277035,1,False,0.45210824487233175,0.05
30,0.05,4,0.8834765296304905,0.30788990243904357,1,weak,False,8.3217040590480771,8.5304115153479589,0.050364517843301315,1,False,0.47772632387532071,0.1
30,0.05,5,0.71632259161991418,0.35453875096793902,1,weak,False,9.4913924838601034,9.3329070645707013,0.23768473783874872,1,False,0.29064599195116209,0.0
30,0.05,5,0.81379237743793464,0.34309723305078882,1,weak,False,9.3330302785503676,9.3232523634190976,0.25079966299595097,1,False,0.29791433052978888,0.05
30,0.05,5,0.85049498613582819,0.30236401598127227,1,weak,False,9.0340175278848651,9.2251303721676869,0.18089791678712733,1,False,0.33079410717755031,0.1
30,0.05,6,0.69932666073182526,0.35929271647165645,1,weak,False,9.7720917015703233,9.6127725023532609,0.43071458718774752,1,False,0.21243260988232437,0.0
30,0.05,6,0.80419400228195104,0.34372726539652998,1,weak,False,9.5895599256215718,9.5739399099549516,0.34876425339659772,1,False,0.24729215939944563,0.05
30,0.05,6,0.84005353194944943,0.29698001813181352,1,weak,False,9.2916164254505578,9.4961513925178274,0.25268259762005885,1,False,0.2842728323389988,0.1
30,0.05,7,0.68151458840733581,0.36439230066636408,1,weak,False,9.8885502769026523,9.7006013291912723,0.44893962990326519,1,False,0.20887945162082758,0.0
30,0.05,7,0.7928247050353856,0.34407747705850711,1,weak,False,9.6707402732680272,9.6639451647950469,0.35872030805620458,1,False,0.24650291979377847,0.05
30,0.05,7,0.82684672666344905,0.29153022227512887,1,weak,False,9.3626562681509817,9.5979056040295063,0.26716730564731445,1,False,0.28183314531057063,0.1
30,0.05,8,0.67865441155407291,0.36973513484282017,1,weak,False,9.9459930140308082,9.7383635034717742,0.46129558372166019,1,False,0.20705905296630694,0.0
30,0.05,8,0.79437785375142211,0.34417314341022109,1,weak,False,9.7008499622455719,9.704452903767006,0.3708654037186333,1,False,0.24309014750114002,0.05
30,0.05,8,0.82611680069706006,0.28609172174695879,1,weak,False,9.3913667198888131,9.6466366655890621,0.28094735384671227,1,False,0.27667806279212814,0.1
30,0.05,9,0.67122141631098053,0.37539573652770225,1,weak,False,9.9730838012829555,9.7505115041834536,0.49659881984389559,1,False,0.19173626193643148,0.0
30,0.05,9,0.79357488837477486,0.34404131117844666,1,weak,False,9.7021518799418587,9.7165898258600514,0.39565727334553352,1,False,0.22914405811071317,0.05
30,0.05,9,0.82456353317087117,0.28056295229385109,1,weak,False,9.3902464176215314,9.6605221340146876,0.29837187307991531,1,False,0.26394092265696739,0.1
30,0.05,10,0.67085750574323122,0.38122798920691264,1,weak,False,10.010824715297613,9.7745960115062758,0.43139241943309226,1,False,0.21819472331124079,0.0
30,0.05,10,0.79807952060914678,0.34370665947783319,1,weak,False,9.7197768496345081,9.7440037280631344,0.34730834252138271,1,False,0.25409465862011354,0.05
30,0.05,10,0.82752329867421071,0.27506535131525411,1,weak,False,9.4073008633323578,9.6936686840709925,0.26649121368188772,1,False,0.28592988391430241,0.1
30,0.05,11,0.66157848874169844,0.38730381491981891,1,weak,False,10.024208813701337,9.7785265119620757,0.4483242435224013,1,False,0.20833424006345633,0.0
30,0.05,11,0.7925911163295789,0.3431848537244056,1,weak,False,9.7143535936835281,9.7481341429773209,0.36371145409926042,1,False,0.24631207511656819,0.05
30,0.05,11,0.82162376698736017,0.26951133135577549,1,weak,False,9.4001044728772776,9.6983985681908305,0.27907917569543189,1,False,0.27885141794710322,0.1
30,0.05,12,0.66225696339647133,0.39347340768430772,1,weak,False,10.042305273968541,9.7930899835504395,0.44105898712233349,1,False,0.20924850617566351,0.0
30,0.05,12,0.79673166056102385,0.34248509181817344,1,weak,False,9.7216639107602187,9.7629052264499663,0.35808516692937781,1,False,0.24651229804941863,0.05
30,0.05,12,0.82466781537658196,0.26404150049751884,1,weak,False,9.411251608428632,9.7168737780366321,0.27757206679127494,1,False,0.27670385162616845,0.1
30,0.05,13,0.65891645546684297,0.39978389452145752,1,weak,False,10.042628701062338,9.7910019471556495,0.39909618528428148,1,False,0.22371044385389163,0.0
30,0.05,13,0.79586037697441003,0.34162818706594317,1,weak,False,9.7114163343961675,9.7603046635591539,0.32148975997676904,1,False,0.26524160907445599,0.05
30,0.05,13,0.82349752631703022,0.25858791841259932,1,weak,False,9.4029092626277624,9.7144698024178169,0.24988691250791575,1,False,0.29549834063614427,0.1
30,0.05,14,0.65747144719701678,0.40616908204759711,1,weak,False,10.053871691352423,9.8001076665128277,0.43259849295261876,1,False,0.21057951428606975,0.0
30,0.05,14,0.79670683721549984,0.34063681240100879,1,weak,False,9.7149922106060878,9.7701635926304178,0.34842636755071116,1,False,0.25009879174374244,0.05
30,0.05,14,0.82376495628201685,0.2531941055513941,1,weak,False,9.4074044077030141,9.7268418796003662,0.2722465793807734,1,False,0.27977288424630986,0.1
30,0.05,15,0.6522186315183508,0.41274309309571239,1,weak,False,10.050891971416881,9.7958996247237096,0.49940552561633372,1,False,0.18951411569940146,0.0
30,0.05,15,0.79367793002153875,0.33947674774808073,1,weak,False,9.7004512403015148,9.763715178481533,0.39367555448527514,1,False,0.23326493576381088,0.05
30,0.05,15,0.82080765875612027,0.24778015915620696,1,weak,False,9.3945609786517483,9.7185020947584331,0.30472018398463341,1,False,0.26520423840419588,0.1
30,0.05,16,0.6455873138754924,0.41932500341041434,1,weak,False,10.071865619848804,9.8156010065584027,0.42581339814458813,1,False,0.21580103978174381,0.0
30,0.05,16,0.79037099663381871,0.33818801745401433,1,weak,False,9.7157295450924028,9.78526235887729,0.34135492191780459,1,False,0.25690715211971454,0.05
30,0.05,16,0.81814596289618391,0.24248697913557116,1,weak,False,9.4127587028532922,9.7443699018080494,0.26802830641984182,1,False,0.28698678010552026,0.1
30,0.05,17,0.64513184593355088,0.42595442686432211,1,weak,False,10.089483135442759,9.8327125124773858,0.48197924249363822,1,False,0.18399408932335951,0.0
30,0.05,17,0.79195529371885987,0.33681570302374514,1,weak,False,9.7288162833162275,9.8037334625226791,0.39426825011133387,1,False,0.22832212123033402,0.05
30,0.05,17,0.82001608713262231,0.23722987011193269,1,weak,False,9.4237007430119348,9.7632416550026839,0.31039565327994534,1,False,0.25909211101874352,0.1
30,0.05,18,0.64827204082023093,0.43260279307210886,1,weak,False,10.101223816301196,9.8458038705139206,0.43801764927483994,1,False,0.20493443098018999,0.0
30,0.05,18,0.79565062594073488,0.33534711665147293,1,weak,False,9.7379176267259293,9.8169217550042269,0.35603793264701411,1,False,0.24902711386130608,0.05
30,0.05,18,0.82370420229724162,0.23205009027641826,1,weak,False,9.4325954519518547,9.7790418145912792,0.28236190352719481,1,False,0.27667926779002305,0.1
30,0.05,19,0.64803503626099646,0.43936303693844264,1,weak,False,10.094167595753534,9.8397935506557967,0.4388890834273087,1,False,0.2091561975057378,0.0
30,0.05,19,0.7955532808065211,0.33378659215047962,1,weak,False,9.7259247594074161,9.8099885775587907,0.35242136503636945,1,False,0.25162672339145892,0.05
30,0.05,19,0.82352972821593196,0.22685037091107771,1,weak,False,9.4173549131894507,9.7700906663410798,0.27682220754577624,1,False,0.28029845613411564,0.1
30,0.05,20,0.64758329804553361,0.44617594857600501,1,weak,False,10.091139023899576,9.8382116170287581,0.46405237968660679,1,False,0.19566759070152123,0.0
30,0.05,20,0.79575541177559372,0.33212185125102639,1,weak,False,9.718726289688286,9.8084331634492514,0.37176179338009635,1,False,0.2429669417489746,0.05
30,0.05,20,0.82363021170833661,0.2217022001729686,1,weak,False,9.410895212403652,9.7687698836970238,0.2926049906427084,1,False,0.27351599130555776,0.1
30,0.05,21,0.6412634017221871,0.4530004071936285,1,weak,False,10.097910368682779,9.8465591043793275,0.42968624966558483,1,False,0.20786456283654484,0.0
30,0.05,21,0.79033983931778939,0.33036217291549497,1,weak,False,9.7222389960258724,9.8176870491871604,0.34434555199981148,1,False,0.25474822433626387,0.05
30,0.05,21,0.81781421606638693,0.21663741989087656,1,weak,False,9.4161902895622305,9.7790486851910234,0.2714534252786614,1,False,0.28423553327880363,0.1
30,0.05,22,0.64010539519416776,0.45984676327029378,1,weak,False,10.100717605746922,9.8525203974996689,0.43958252547017718,1,False,0.204999635331376,0.0
30,0.05,22,0.78869959750016017,0.32849979270683538,1,weak,False,9.7225061065336433,9.8228517873891015,0.34983213061388962,1,False,0.25276242353996803,0.05
30,0.05,22,0.81588850621411535,0.21165344402287076,1,weak,False,9.4189925765201377,9.7849636043793531,0.27574485076547817,1,False,0.28235866803417531,0.1
30,0.05,23,0.64513624735919228,0.46660643038199351,1,weak,False,10.100391610511821,9.8574780225408443,0.39008664027154988,1,False,0.22160290197446506,0.0
30,0.05,23,0.79407095251786219,0.3265732624261139,1,weak,False,9.7247777127261621,9.8286149097323126,0.3163132877075735,1,False,0.26986364251914419,0.05
30,0.05,23,0.82160160403192184,0.20682030719189259,1,weak,False,9.4265011035360757,9.7931028843351839,0.25271596808853841,1,False,0.2967603208350505,0.1
30,0.05,24,0.63997678987458428,0.47340449926252759,1,weak,False,10.103404960989719,9.8615458452991849,0.46287303600027774,1,False,0.1925836380042534,0.0
30,0.05,24,0.78952095968095259,0.32458157096305207,1,weak,False,9.7248765617195669,9.8333654582313024,0.37586792556014509,1,False,0.24279550492379243,0.05
30,0.05,24,0.81775919524385199,0.2020139297744202,1,weak,False,9.4232965313127561,9.7976478066206738,0.3007601851884486,1,False,0.27161564800787963,0.1
30,0.05,25,0.64081445706504514,0.4801741701074258,1,weak,False,10.111457494570464,9.8736158635730291,0.44493384398967983,1,False,0.19561905653481915,0.0
30,0.05,25,0.79146647660951142,0.32253342911847288,1,weak,False,9.7334385762631133,9.845548040069513,0.3634804890698331,1,False,0.24635339901438286,0.05
30,0.05,25,0.8192463396575006,0.19729240077410123,1,weak,False,9.4327851208356659,9.810019663171996,0.28960630926349118,1,False,0.27682489701662655,0.1
30,0.05,26,0.63688999860425421,0.48695118132050286,1,weak,False,10.10997755623225,9.8762189061929373,0.4691802268441278,1,False,0.18954706337397079,0.0
30,0.05,26,0.78727608978932351,0.32041389200902343,1,weak,False,9.7314721731964902,9.8470598702456336,0.37687750324217512,1,False,0.24116477703846151,0.05
30,0.05,26,0.81553079040447862,0.19263492667047372,1,weak,False,9.431416576987532,9.8113803728598619,0.29936991588342654,1,False,0.27048587688518694,0.1
30,0.05,27,0.64289681546961219,0.49364506682317932,1,weak,False,10.118123841493059,9.888522817664386,0.43686228113535452,1,False,0.19921654618861476,0.0
30,0.05,27,0.79078464215850397,0.31826969698384106,1,weak,False,9.7426846246410115,9.8606014569296008,0.35722144453182098,1,False,0.24911570135574465,0.05
30,0.05,27,0.81902991842096318,0.18808523619297968,1,weak,False,9.4424892554491375,9.826751340722133,0.28677946358919904,1,False,0.27844075292438208,0.1
30,0.05,28,0.63654728748381384,0.50035967261989589,1,weak,False,10.119505497567509,9.8912519213922714,0.48108509892959461,1,False,0.18375062206902712,0.0
30,0.05,28,0.78629021798078336,0.31606424242366682,1,weak,False,9.7411556787681235,9.8642621965854342,0.39371802032038444,1,False,0.23389276042623333,0.05
30,0.05,28,0.81462805528934756,0.18357608495643726,1,weak,False,9.4390838367249295,9.8298384713194125,0.31571674343934197,1,False,0.26415059080010411,0.1
30,0.05,29,0.64199635478983019,0.5070106463293903,1,weak,False,10.122378685537457,9.8994263109308314,0.50753709890647436,1,False,0.17628523784641489,0.0
30,0.05,29,0.78955445493165377,0.31380966178851738,1,weak,False,9.7463520414465457,9.8718586194061402,0.41112005022789183,1,False,0.22548591766658679,0.05
30,0.05,29,0.8181168795970456,0.17917969188209218,1,weak,False,9.4471775073752067,9.8387766402528527,0.33060384408578142,1,False,0.25360119424899408,0.1
30,0.05,30,0.63791435190562296,0.51366894264134466,1,weak,False,10.122937546713386,9.9018962311718859,0.49808536731926961,1,False,0.18010846495801053,0.0
30,0.05,30,0.78706463235745239,0.31150291536269725,1,weak,False,9.7452137960322283,9.8747632573946778,0.40540817064781803,1,False,0.22837373212400017,0.05
30,0.05,30,0.8161175031785064,0.174828141995958,1,weak,False,9.4433372493504582,9.8419115902983965,0.32668349930713786,1,False,0.25635719334382279,0.1
30,0.05,31,0.64275062013741868,0.52029037048355586,1,weak,False,10.129299796410319,9.9110068984120936,0.4557237059052533,1,False,0.19013206737924571,0.0
30,0.05,31,0.79260678489407788,0.30916237668459362,1,weak,False,9.7517408157458654,9.8848642472233479,0.37481607002480993,1,False,0.24325320917961554,0.05
30,0.05,31,0.82132003053235569,0.1705472528318506,1,weak,False,9.4483093671031799,9.8524888332109484,0.30245682897227655,1,False,0.27237871879427233,0.1
30,0.05,32,0.63866553855973307,0.52695552769292686,1,weak,False,10.12525689248444,9.9100087299798236,0.42142029490084115,1,False,0.20082520016834737,0.0
30,0.05,32,0.78921824000099883,0.30676306088199878,1,weak,False,9.7457997789720032,9.8825303290303292,0.34496511637152694,1,False,0.25633138894284291,0.05
30,0.05,32,0.81858117702067346,0.16628141142507435,1,weak,False,9.4391274557750897,9.8479267957606318,0.27535404127805657,1,False,0.28475087848432729,0.1
30,0.05,33,0.64057878952831548,0.53362868781576123,1,weak,False,10.125903952069793,9.9136673680191603,0.44166010148613877,1,False,0.19722299300417473,0.0
30,0.05,33,0.78951571313466851,0.30430937587467305,1,weak,False,9.7453787616892082,9.8853079985400605,0.35733844543160481,1,False,0.25283714514132893,0.05
30,0.05,33,0.81859114985886938,0.16206193630956586,1,weak,False,9.4361867849762397,9.8506295031988191,0.28519025373562651,1,False,0.28090067260864321,0.1
30,0.05,34,0.65066236891670537,0.54023044707806411,1,weak,False,10.12397797165756,9.9150525462494823,0.51155452146308289,1,False,0.1655134657233393,0.0
30,0.05,34,0.7960387762549922,0.30179869584177954,1,weak,False,9.7435081371033441,9.8873300878196311,0.41726482267925885,1,False,0.22627402619726963,0.05
30,0.05,34,0.82327360167191332,0.1579708570801564,1,weak,False,9.4382937839833581,9.8561724919296161,0.33926595851866892,1,False,0.25477745883138153,0.1
30,0.05,35,0.6490902898951979,0.54680765482199822,1,weak,False,10.113053744607891,9.9090046247200902,0.45587967132241997,1,False,0.18704174234265178,0.0
30,0.05,35,0.79269745428504412,0.29922650370646325,1,weak,False,9.7323387200724305,9.8802939301459904,0.36986267064865547,1,False,0.24227355781043589,0.05
30,0.05,35,0.81926289669331276,0.15396584147153849,1,weak,False,9.4322846381058891,9.8474299315595903,0.29643781568353161,1,False,0.26928897332608942,0.1
30,0.05,36,0.65048615764799123,0.55330526176861794,1,weak,False,10.112405577698789,9.9114995033464659,0.46129300977026799,1,False,0.18409246445064451,0.0
30,0.05,36,0.79251425660462893,0.29661681280593227,1,weak,False,9.731864778622727,9.8843076005723365,0.37562705104687405,1,False,0.24126229710706643,0.05
30,0.05,36,0.81853835987870882,0.1500779254254497,1,weak,False,9.4359042559842266,9.8531529529352042,0.30497759751403408,1,False,0.26902611285456629,0.1
30,0.05,37,0.65696965996564693,0.55976982343933057,1,weak,False,10.105327950839195,9.9090448501339257,0.43648044105595296,1,False,0.19829340258137301,0.0
30,0.05,37,0.79780396974476187,0.29396449410850439,1,weak,False,9.7254235991983808,9.8809113162649975,0.35017965294794662,1,False,0.25277688431147211,0.05
30,0.05,37,0.82367573372755531,0.14626568245216512,1,weak,False,9.4321803544921181,9.8485254043892283,0.28120858460247194,1,False,0.28042504631046633,0.1
30,0.05,38,0.65273213820277431,0.56629395170501617,1,weak,False,10.100597807785837,9.9064864082540822,0.49668158836186316,1,False,0.17267049617913621,0.0
30,0.05,38,0.79317558843239455,0.29124742213148708,1,weak,False,9.7167647557955235,9.8770307577647625,0.39904114807469765,1,False,0.23211312765906597,0.05
30,0.05,38,0.81977270387860457,0.14245862616349664,1,weak,False,9.4205294020725852,9.8413060915868815,0.31777219216070318,1,False,0.26301985586698462,0.1
30,0.05,39,0.65429640256817512,0.57263907149634063,1,weak,False,10.107863924028036,9.9191876527894003,0.48116230455365233,1,False,0.17812690339732756,0.0
30,0.05,39,0.79555008999292121,0.28854710074218232,1,weak,False,9.7298774577175546,9.8916398371676717,0.39841876388639352,1,False,0.23286917173213698,0.05
30,0.05,39,0.82212217854227165,0.13881382776147719,1,weak,False,9.4395625606015834,9.8588657423649622,0.32090973047025423,1,False,0.26088862321961409,0.1
30,0.05,40,0.65024994780283019,0.57897091721204408,1,weak,False,10.116818920024652,9.9297660137503883,0.52158517659020942,1,False,0.16541652379490177,0.0
30,0.05,40,0.78976667422505242,0.28582376863912667,1,weak,False,9.7371564561414807,9.9030592182708972,0.42622772745879878,1,False,0.22016056365374603,0.05
30,0.05,40,0.81630826227259323,0.13520531414882933,1,weak,False,9.442574268181982,9.869354816686279,0.34218125087489354,1,False,0.25061075018865803,0.1
30,0.05,41,0.65970257384913245,0.58522629616723232,1,weak,False,10.112379514366236,9.9304632490024503,0.45793089716242741,1,False,0.19022930051498496,0.0
30,0.05,41,0.79859267822012125,0.28308410754650093,1,weak,False,9.7356874847098247,9.9028609205163551,0.37273799409034131,1,False,0.24075799589514879,0.05
30,0.05,41,0.82422798257423036,0.13168959628626686,1,weak,False,9.4437092469426087,9.8692996605823122,0.2983823262927896,1,False,0.26781445095175788,0.1
30,0.05,42,0.65488884663628033,0.59152973461474168,1,weak,False,10.101842055638365,9.9216638444864884,0.4863950457953391,1,False,0.17261811225676779,0.0
30,0.05,42,0.79526309222046154,0.28028060088501777,1,weak,False,9.7211169792929422,9.892826670381007,0.39397306379726421,1,False,0.23168742242976303,0.05
30,0.05,42,0.82177718026921276,0.12818966450024061,1,weak,False,9.4260196605107929,9.8576159604960143,0.31497463304122764,1,False,0.26077389296033299,0.1
30,0.05,43,0.65760882553103173,0.5976836350210819,1,weak,False,10.109660498278387,9.9343822705161475,0.47492445587177778,1,False,0.17917736381598406,0.0
30,0.05,43,0.7975816291305492,0.27750520560967262,1,weak,False,9.7347644232067196,9.9064632913907289,0.38637909383387309,1,False,0.23915755508892989,0.05
30,0.05,43,0.8243542370872271,0.12481115936924542,1,weak,False,9.4407121912009053,9.874120156052415,0.31222579467514067,1,False,0.26746009401449494,0.1
30,0.05,44,0.65330016527807655,0.6037880091772817,1,weak,False,10.110790343265759,9.9385691584911573,0.48750753438227112,1,False,0.17449758657478071,0.0
30,0.05,44,0.79493087206851853,0.27471865339331991,1,weak,False,9.7366361791395093,9.9107326792438393,0.40094233017091346,1,False,0.23190663925540922,0.05
30,0.05,44,0.82241489725431771,0.12149333742939847,1,weak,False,9.4407247686726983,9.878354696656551,0.32375883557815954,1,False,0.2595575716550334,0.1
30,0.05,45,0.65211947126132819,0.60987265606795726,1,weak,False,10.122780485893967,9.9507905582404526,0.4733450920679817,1,False,0.1766397439513801,0.0
30,0.05,45,0.79657729995206383,0.27189666625193643,1,weak,False,9.7446931917069328,9.9244614606508765,0.39424206926196353,1,False,0.23591645030182698,0.05
30,0.05,45,0.8246472076359207,0.11823067768010627,1,weak,False,9.4456777182289073,9.8939307698086303,0.3214967618787915,1,False,0.26327180826162361,0.1
30,0.05,46,0.65241648920214812,0.61600168591646742,1,weak,False,10.131376624057307,9.9603015126715917,0.43500489170016882,1,False,0.19444792083263393,0.0
30,0.05,46,0.79773655159039503,0.26902200392343373,1,weak,False,9.7482387937915291,9.9332249347256969,0.35646503024111714,1,False,0.24708717614792144,0.05
30,0.05,46,0.82600684085796716,0.11497631016009889,1,weak,False,9.4435965247296476,9.9006430257344338,0.2870345232160475,1,False,0.27302623908010809,0.1
30,0.05,47,0.6483529960775285,0.6221041970564577,1,weak,False,10.126745240719185,9.9575123709109974,0.41615013874042123,1,False,0.20492671417465647,0.0
30,0.05,47,0.79217517774541724,0.26612142167261926,1,weak,False,9.7416535044405137,9.9311649475545138,0.3419871912261821,1,False,0.25678501371836904,0.05
30,0.05,47,0.82074081923842601,0.11177438127092305,1,weak,False,9.4350703714513848,9.898339586189671,0.27600205059135519,1,False,0.28432532253665471,0.1
30,0.05,48,0.65012495653672875,0.6280863835371655,1,weak,False,10.126246557947638,9.9611061337181006,0.49187029287928102,1,False,0.17206287694369751,0.0
30,0.05,48,0.79045982727578923,0.26322738610389773,1,weak,False,9.7442042438428409,9.9354604366496524,0.40842162545240096,1,False,0.22680943402495185,0.05
30,0.05,48,0.81820941392276625,0.10868623035893689,1,weak,False,9.4412845249202455,9.9050507340821987,0.33329486977252237,1,False,0.25461495834365916,0.1
30,0.05,49,0.65476309775725428,0.63399171884101224,1,weak,False,10.123389370496437,9.9632679917160072,0.48436793402789485,1,False,0.17649109411309227,0.0
30,0.05,49,0.7931341280133577,0.2603320468829865,1,weak,False,9.7441774929865552,9.9364991769304964,0.40244721743539463,1,False,0.23123507740038582,0.05
30,0.05,49,0.81962403367331538,0.10567623427600113,1,weak,False,9.4444567146591538,9.9039972047890821,0.32415092543146357,1,False,0.26011927229942988,0.1
30,0.05,50,0.65937331085032302,0.63981707726964721,1,weak,False,10.113915928921058,9.9574997448247675,0.501222841341041,1,False,0.17062798170133725,0.0
30,0.05,50,0.79818822351420526,0.25741769590035418,1,weak,False,9.7354659767290244,9.9305563728231139,0.41083982106367373,1,False,0.22562156103703326,0.05
30,0.05,50,0.82437401187005432,0.10276522682999861,1,weak,False,9.4415055223195861,9.8993027138907728,0.33290922985966059,1,False,0.25362848148920047,0.1
30,0.05,51,0.65891521216599191,0.64560059081041365,1,weak,False,10.119260810550445,9.964497420504248,0.48830229282419502,1,False,0.17930023382168317,0.0
30,0.05,51,0.79681173149024764,0.25449104927666649,1,weak,False,9.7390699223945543,9.9384792697960176,0.39814109658330832,1,False,0.23232798317433703,0.05
30,0.05,51,0.82257001490509729,0.099908359912919867,1,weak,False,9.4432299834108395,9.9072854485684516,0.32208466875696989,1,False,0.26056944035483509,0.1
30,0.05,52,0.65607527604449301,0.65134942515912397,1,weak,False,10.116029422907644,9.963891441278319,0.46103024698993939,1,False,0.18537815797408827,0.0
30,0.05,52,0.79494576329411226,0.25153990344644894,1,weak,False,9.7343799395878676,9.937517856617367,0.37920925507711306,1,False,0.24073237445388293,0.05
30,0.05,52,0.82089591973195053,0.097110671394427112,1,weak,False,9.4398529839514111,9.9055156093056276,0.30619864361486726,1,False,0.26975147337888294,0.1
30,0.05,53,0.65956658826591896,0.65701765567302739,1,weak,False,10.118625926967846,9.9696886453718889,0.48399778097484053,1,False,0.17424052353230035,0.0
30,0.05,53,0.79758484045387668,0.24859224816350065,1,weak,False,9.7383209348873869,9.9433146589690402,0.39991051416563611,1,False,0.23010006376870579,0.05
30,0.05,53,0.8238009125591621,0.094390096163471979,1,weak,False,9.4445513708619337,9.9125340398837327,0.32517013093348035,1,False,0.25808593761445725,0.1
30,0.05,54,0.6551969892515358,0.6626241436559428,1,weak,False,10.121685596298684,9.9752232425992915,0.4470138453415331,1,False,0.19045311856680483,0.0
30,0.05,54,0.79226112103679369,0.24564818682114092,1,weak,False,9.7415443215981661,9.9493312458157881,0.37100139748468514,1,False,0.24368475145642132,0.05
30,0.05,54,0.81824144703510893,0.091727669522916208,1,weak,False,9.4462825734085438,9.918515736138815,0.30201890166799422,1,False,0.27019289433932586,0.1
30,0.05,55,0.6633163563984692,0.66816186836576763,1,weak,False,10.11441155912568,9.9712940591874624,0.44196763854970433,1,False,0.19431224348864903,0.0
30,0.05,55,0.79949823786626184,0.24270217031980887,1,weak,False,9.735357511618286,9.9449898372892029,0.36384964767515943,1,False,0.24668138611065735,0.05
30,0.05,55,0.82534354313100999,0.089135961314423431,1,weak,False,9.441986738558521,9.91444298173991,0.29558034928300386,1,False,0.27308595313716333,0.1
30,0.05,56,0.66226461560847427,0.67364120824127172,1,weak,False,10.113076661194228,9.9721666107600946,0.49672933118541052,1,False,0.17185847168808197,0.0
30,0.05,56,0.79637546890396316,0.2397602775159427,1,weak,False,9.7337747474766783,9.9466156787640738,0.40811532987485166,1,False,0.22645231961078796,0.05
30,0.05,56,0.82107949144567427,0.086598514242785543,1,weak,False,9.439011439045828,9.915741212154451,0.33269505602202637,1,False,0.25554813650120994,0.1
30,0.05,57,0.66236036557045663,0.6790376161877697,1,weak,False,10.101118380416858,9.9648514150437766,0.42903109168083259,1,False,0.19883390597824085,0.0
30,0.05,57,0.79564107677885987,0.2368183768424863,1,weak,False,9.7245252936149296,9.9377211218299966,0.3491830351080592,1,False,0.25275420889926592,0.05
30,0.05,57,0.82071125809186585,0.084144006969743917,1,weak,False,9.4362689917605813,9.9060132202257591,0.28222929112101908,1,False,0.27878638318380627,0.1
30,0.05,58,0.66598632961544324,0.68435621941797564,1,weak,False,10.104500248178205,9.9701762373621481,0.41079256352448329,1,False,0.20480996194628326,0.0
30,0.05,58,0.79960816868161133,0.23388797640541228,1,weak,False,9.7281109325422808,9.9440770686194302,0.340531007779313,1,False,0.25917527312879129,0.05
30,0.05,58,0.82528604114539561,0.08175580417661199,1,weak,False,9.4385804171734033,9.9147439342850383,0.27875832935976641,1,False,0.28391580317605181,0.1
30,0.05,59,0.66420552025721002,0.68963589610120846,1,weak,False,10.111305429945137,9.9786153626825094,0.40236266481340016,1,False,0.20606976413284467,0.0
30,0.05,59,0.79776964682595652,0.23096282144249738,1,weak,False,9.7337276822009411,9.9530557608997619,0.33476733384303314,1,False,0.26334245395933953,0.05
30,0.05,59,0.82371928125791904,0.079401282456294298,1,weak,False,9.4393556411351902,9.9226127344794985,0.27353408509657118,1,False,0.29021183379913706,0.1
30,0.05,60,0.66002958851523608,0.69488256130852477,1,weak,False,10.112825026568965,9.9828205726984098,0.46893578341956499,1,False,0.17641206415344313,0.0
30,0.05,60,0.79226151992493177,0.22803080928475886,1,weak,False,9.734624171152765,9.956107831617155,0.38849201039348158,1,False,0.23455202058876551,0.05
30,0.05,60,0.81881708023927724,0.077086629406716484,1,weak,False,9.4388142835137785,9.9237088057035514,0.31400760811624451,1,False,0.26158677190095486,0.1
30,0.05,61,0.66450121843343313,0.69998672237653703,1,weak,False,10.120160658114816,9.9928763916043817,0.47035060293737779,1,False,0.17886337343300659,0.0
30,0.05,61,0.79407556396995638,0.22514964160902576,1,weak,False,9.7456484717163274,9.9684533635381811,0.39656047605189515,1,False,0.23422761765699596,0.05
30,0.05,61,0.819377332644176,0.07486363601443724,1,weak,False,9.45114830012316,9.9394461751503407,0.32489538215178393,1,False,0.26008932566749327,0.1
30,0.05,62,0.66866048514234633,0.70503102137097151,1,weak,False,10.105816029018808,9.9821021090191984,0.49919111078682726,1,False,0.16427989971683549,0.0
30,0.05,62,0.7974699347668821,0.22226661604307626,1,weak,False,9.7325769578511814,9.9562337343128497,0.41607558279633305,1,False,0.22275620720159095,0.05
30,0.05,62,0.82228560924515059,0.072702362585952293,1,weak,False,9.4421557199062782,9.9262606904705741,0.33929777784583404,1,False,0.24908895823868377,0.1
30,0.05,63,0.66687885233004851,0.70997187849255861,1,weak,False,10.101625037670265,9.9814298168258322,0.45435019094228007,1,False,0.183118750029411,0.0
30,0.05,63,0.79541066196321164,0.21941407211048611,1,weak,False,9.7317168511332763,9.9556255224947847,0.37573373879478111,1,False,0.24375775873593811,0.05
30,0.05,63,0.82025276292847249,0.0706140493969553,1,weak,False,9.4446909290197016,9.9257473264413001,0.30676870964271152,1,False,0.27154358163709968,0.1
30,0.05,64,0.66921324317265063,0.71484805506350768,1,weak,False,10.103337404393722,9.985370879587677,0.45148762791102465,1,False,0.18937586881956239,0.0
30,0.05,64,0.79653672411832577,0.21657849416717456,1,weak,False,9.7339711325173752,9.9598628044596307,0.36872457250922341,1,False,0.24370518856087198,0.05
30,0.05,64,0.82117030342504804,0.068573450769317756,1,weak,False,9.4454736150105383,9.9296421892682964,0.29935749383317356,1,False,0.26977606845670893,0.1
30,0.05,65,0.66732870805801892,0.719672728029639,1,weak,False,10.095768741692567,9.980172825152799,0.49351757175277788,1,False,0.17819733897760115,0.0
30,0.05,65,0.79534887501510421,0.21374602416672978,1,weak,False,9.7263260946106236,9.9542285125973624,0.39880818780209087,1,False,0.23454185422389021,0.05
30,0.05,65,0.82031872126142613,0.066581247803631255,1,weak,False,9.4383860323417093,9.9236285457897733,0.32522585951178562,1,False,0.26299590892578556,0.1
30,0.05,66,0.67218482727478446,0.72445280485856733,1,weak,False,10.102718125978839,9.9895586675091561,0.48254536368157841,1,False,0.17653645829140641,0.0
30,0.05,66,0.80104070120841819,0.21091735315738985,1,weak,False,9.7330890170846782,9.9624725006938366,0.39245081123483472,1,False,0.23300466721490418,0.05
30,0.05,66,0.82595288512858112,0.06462984198404273,1,weak,False,9.4439845895305936,9.9307277734950077,0.31710911155355787,1,False,0.25984806992350629,0.1
30,0.05,67,0.6738920598465199,0.72918903277074409,1,weak,False,10.103233753679506,9.9910629614409441,0.40433531110045118,1,False,0.2122917110023792,0.0
30,0.05,67,0.8050918768301436,0.20808478005888206,1,weak,False,9.7309364027088279,9.964734730964377,0.32766212526493738,1,False,0.26562105739672653,0.05
30,0.05,67,0.83038239330191355,0.06272618717037387,1,weak,False,9.4406968913340688,9.9350555267774059,0.26790131639620773,1,False,0.29094061570057234,0.1
30,0.05,68,0.66114698610544298,0.73394279867366885,1,weak,False,10.106439808150999,9.9941112293342851,0.5105560457967997,1,False,0.16819864743189258,0.0
30,0.05,68,0.79351377344001006,0.20522347765867213,1,weak,False,9.7274695845921464,9.9682841231783428,0.4188858363154947,1,False,0.22118725610095341,0.05
30,0.05,68,0.81999678116387231,0.060833723667659011,1,weak,False,9.4304503666887296,9.9373985629310937,0.34143084764936132,1,False,0.24736105721568824,0.1
30,0.05,69,0.65919862342673596,0.73857668919317054,1,weak,False,10.122692174131394,10.012741129148083,0.44357731588479204,1,False,0.18915360571421269,0.0
30,0.05,69,0.79066083185997593,0.20240814866359758,1,weak,False,9.7460305943871077,9.9885793444691178,0.37149417034234355,1,False,0.24550058469177066,0.05
30,0.05,69,0.81691170776480393,0.059015162143231846,1,weak,False,9.4513309957473002,9.9596194550807287,0.30507054009363238,1,False,0.2726405515910223,0.1
30,0.05,70,0.66118651522280936,0.74312359476135537,1,weak,False,10.123195982100489,10.016051035784905,0.48875671282483929,1,False,0.16811352820763359,0.0
30,0.05,70,0.79018030936417405,0.19962668132627556,1,weak,False,9.7490596679176047,9.9919048911238946,0.41165178706935524,1,False,0.22434932151714077,0.05
30,0.05,70,0.81667063188555666,0.057249723912369092,1,weak,False,9.45461130451441,9.9626317281437746,0.33568346134277782,1,False,0.25172933021089394,0.1
30,0.05,71,0.66327453210353904,0.74756476299774599,1,weak,False,10.122860406939946,10.018549810263096,0.50304778697858221,1,False,0.16552030309775431,0.0
30,0.05,71,0.79099348035181394,0.19688448782281609,1,weak,False,9.7519836514354648,9.9947385413199559,0.42234895240735659,1,False,0.22227504451093938,0.05
30,0.05,71,0.81714920067780505,0.055550749179437926,1,weak,False,9.460028817509194,9.9675476410988129,0.3483179119221112,1,False,0.24992562304339846,0.1
30,0.05,72,0.66872051508399299,0.75193963003342235,1,weak,False,10.120685246380608,10.019297183753029,0.45842226696856631,1,False,0.18489297516361022,0.0
30,0.05,72,0.79684817248562834,0.19416774650388705,1,weak,False,9.7520673103094477,9.994450689088648,0.38138084163353719,1,False,0.2408817767295367,0.05
30,0.05,72,0.82293194434009365,0.053892623462690553,1,weak,False,9.4598986874904902,9.9652494889819838,0.31120988240595704,1,False,0.26688292450504381,0.1
30,0.05,73,0.66769139813986222,0.75625434820549275,1,weak,False,10.114921005069171,10.015184900354313,0.42830110437391439,1,False,0.19801925076047475,0.0
30,0.05,73,0.79581028337239779,0.19147103521972617,1,weak,False,9.7463419150673243,9.9909309182715536,0.35551684509328402,1,False,0.25237173214284381,0.05
30,0.05,73,0.82173244219882968,0.05227461657478101,1,weak,False,9.4519948551023329,9.9623473364119146,0.29163915158277159,1,False,0.27800657020316993,0.1
30,0.05,74,0.66187057413490769,0.76052769943462606,1,weak,False,10.111780276458648,10.013966953027623,0.5672871188311035,1,False,0.14721733834727471,0.0
30,0.05,74,0.78969705660007417,0.18878353431660852,1,weak,False,9.7426357475471796,9.9891272038937515,0.46801398723504523,1,False,0.20326010953293774,0.05
30,0.05,74,0.81650085024443808,0.050688766248765428,1,weak,False,9.4466630096274411,9.9588767491456096,0.38071093551109719,1,False,0.23124698004725688,0.1
30,0.05,75,0.66563607936579761,0.7646828984161268,1,weak,False,10.121110284967278,10.025814427715387,0.4990861975008995,1,False,0.17293200749896834,0.0
30,0.05,75,0.79160907230598265,0.18614783799291187,1,weak,False,9.755583499739938,10.002112830161551,0.41455941884506209,1,False,0.22837248958107878,0.05
30,0.05,75,0.81767523118114227,0.049169263590961271,1,weak,False,9.4625713354313188,9.9742125271788744,0.34106394539291335,1,False,0.25525616540001533,0.1
30,0.05,76,0.6666923234838007,0.76878661327017261,1,weak,False,10.113022475150114,10.020075209157826,0.47670970404209412,1,False,0.17664838318785783,0.0
30,0.05,76,0.79216806523423888,0.18352580144361239,1,weak,False,9.7483214763690196,9.9952310128159159,0.39319699248992301,1,False,0.23414079711765892,0.05
30,0.05,76,0.81832050966517023,0.04768758528621498,1,weak,False,9.455707836405038,9.9664640799463964,0.32192185255089312,1,False,0.26169308631830546,0.1
30,0.05,77,0.66060410806774539,0.77280789533401462,1,weak,False,10.114366725188409,10.023359743371339,0.42255260126727517,1,False,0.1999351055174404,0.0
30,0.05,77,0.78666497951847048,0.18093616521997585,1,weak,False,9.7510677106388925,9.9991984148556821,0.3530489048797793,1,False,0.25499337375158038,0.05
30,0.05,77,0.81309283993963766,0.046255939446009579,1,weak,False,9.4596519307869738,9.9718725188986816,0.29185643001672162,1,False,0.28009326531221329,0.1
30,0.05,78,0.6665484624361292,0.77678196753533857,1,weak,False,10.117553379961178,10.028140722685336,0.49195747813443175,1,False,0.17082330801604162,0.0
30,0.05,78,0.79266426726059969,0.17836261483051466,1,weak,False,9.7538594429697145,10.003690999482941,0.40703294004697832,1,False,0.22761395555626213,0.05
30,0.05,78,0.81964919738190867,0.044855417634146653,1,weak,False,9.4595978838598267,9.9761854612674039,0.33470399175859755,1,False,0.25431973989927964,0.1
30,0.05,79,0.66602368355384511,0.78069853020282443,1,weak,False,10.126990956480959,10.038132924412379,0.50806426754492229,1,False,0.16137263198997451,0.0
30,0.05,79,0.79076172855557969,0.17581152431112132,1,weak,False,9.7609997884182658,10.015989420700819,0.43303061048426794,1,False,0.21856398381829967,0.05
30,0.05,79,0.81719778349983418,0.043489945486054234,1,weak,False,9.4641617564573224,9.9890191907361192,0.35748229118669245,1,False,0.24616964887694162,0.1
30,0.05,80,0.67116317109517587,0.78455792001865687,1,weak,False,10.11973498517734,10.032911020895662,0.44002864067163078,1,False,0.18769044422348383,0.0
30,0.05,80,0.79753197160015621,0.17327659551777155,1,weak,False,9.7539806247402741,10.010390228120771,0.37435579473481173,1,False,0.24513944607647056,0.05
30,0.05,80,0.82396149463319124,0.042165484463571656,1,weak,False,9.4603756338459686,9.9824176329566328,0.30640562462425147,1,False,0.27307027251672489,0.1
30,0.05,81,0.66812269633257571,0.78838913090044138,1,weak,False,10.119062258019246,10.033325620764836,0.46088410648642131,1,False,0.17900256462972164,0.0
30,0.05,81,0.79643094898731448,0.17074537263285627,1,weak,False,9.7507677915574646,10.010733379254653,0.38895879932320432,1,False,0.23682727030393058,0.05
30,0.05,81,0.82259010957122514,0.040865496466702296,1,weak,False,9.4546039835613023,9.9815611877401214,0.31732550733536663,1,False,0.26533653709186711,0.1
30,0.05,82,0.66243220976065897,0.79218085385519144,1,weak,False,10.119618035886152,10.035388501340524,0.4598345634884029,1,False,0.18377063211659933,0.0
30,0.05,82,0.79081939163435178,0.16821791553767207,1,weak,False,9.7497036451549199,10.011915916528045,0.3828790223581639,1,False,0.23788788603007668,0.05
30,0.05,82,0.81764159780107548,0.039601230607136537,1,weak,False,9.4542909620168043,9.9836890954688471,0.31305894461562905,1,False,0.26404332712860407,0.1
30,0.05,83,0.66408406264872466,0.79589713502447879,1,weak,False,10.129068250121843,10.045938513645062,0.45177747521797967,1,False,0.18743927870867066,0.0
30,0.05,83,0.78985167359193997,0.16572460120246837,1,weak,False,9.7588419215633309,10.024325430936695,0.38329589288608718,1,False,0.23872048226412892,0.05
30,0.05,83,0.81675778168132707,0.038378263773052798,1,weak,False,9.4627321455160285,9.9979352879835481,0.31816310208626841,1,False,0.26448527627027824,0.1
30,0.05,84,0.67403504435413852,0.79956936108223164,1,weak,False,10.126923351296107,10.045329707382811,0.41949349983709205,1,False,0.19990530313766253,0.0
30,0.05,84,0.79838931461328633,0.16324478286660069,1,weak,False,9.7558239551513424,10.023321903626968,0.35586022550264268,1,False,0.25344044952019018,0.05
30,0.05,84,0.82400833962518016,0.037185856051167622,1,weak,False,9.4593676439904968,9.9963683982473643,0.29379238987515377,1,False,0.28071886093678877,0.1
30,0.05,85,0.67117805275458375,0.80320805695805908,1,weak,False,10.103521530044015,10.024540627177528,0.45702012279686172,1,False,0.1808376603444431,0.0
30,0.05,85,0.79440989117200034,0.16076899980312706,1,weak,False,9.7333303307539758,9.9996667626947779,0.38178798611311032,1,False,0.23808327616402772,0.05
30,0.05,85,0.81947789399180981,0.036022943238813845,1,weak,False,9.4406141781630257,9.9696507294244263,0.31054092790738863,1,False,0.26599641016659964,0.1
30,0.05,86,0.67138314051921311,0.80678592433120766,1,weak,False,10.105402144879658,10.028314527068341,0.54608474377312044,1,False,0.15164376297607202,0.0
30,0.05,86,0.79275037322122799,0.15831285559070468,1,weak,False,9.7355416398187469,10.002659445830711,0.45133140539598376,1,False,0.21000538025919233,0.05
30,0.05,86,0.81744905991384009,0.034901220078087734,1,weak,False,9.4467837035994968,9.9734795121519166,0.36962552971546248,1,False,0.23701583671265453,0.1
30,0.05,87,0.67479028835818688,0.81028278014614941,1,weak,False,10.114775871409362,10.039266668645357,0.50300962008936412,1,False,0.16924792207189407,0.0
30,0.05,87,0.79548897141561614,0.1558950093870379,1,weak,False,9.7460229199022645,10.014566923322727,0.41480275424234253,1,False,0.22550668357431899,0.05
30,0.05,87,0.82057460576162877,0.033822210466812698,1,weak,False,9.4596510731929051,9.9870192818983838,0.34192739373984854,1,False,0.25120001493532496,0.1
30,0.05,88,0.67853399291969307,0.81372043397126503,1,weak,False,10.115450681727433,10.04137218339649,0.52846331886412401,1,False,0.15932746658443322,0.0
30,0.05,88,0.79941080376486484,0.15351004827216633,1,weak,False,9.7473537818056251,10.017247726397354,0.43876867747611892,1,False,0.21718060256151869,0.05
30,0.05,88,0.82412978764058797,0.032769517756568785,1,weak,False,9.458126221674668,9.9888252003422444,0.36083767132747629,1,False,0.24527420354070562,0.1
30,0.05,89,0.67698186646706471,0.81709143358345349,1,weak,False,10.109171757811362,10.036987352052632,0.44704659006065878,1,False,0.19105483248611929,0.0
30,0.05,89,0.79752983441738057,0.15115826203438751,1,weak,False,9.7429903697570062,10.012686128252591,0.36954209121911258,1,False,0.24719657247212007,0.05
30,0.05,89,0.82212783930092648,0.031750304382159061,1,weak,False,9.4549886178956442,9.9840448342026633,0.30300376943179269,1,False,0.27311156176318913,0.1
30,0.05,90,0.6763969815827503,0.82042382971904892,1,weak,False,10.106470581440728,10.035353767926793,0.44461119932603882,1,False,0.1937703662751348,0.0
30,0.05,90,0.79736946093231575,0.14882029407268763,1,weak,False,9.7386737643341608,10.01106993167806,0.3673601009499069,1,False,0.24524597559543654,0.05
30,0.05,90,0.82268746135400628,0.030755876208263581,1,weak,False,9.4491889053007512,9.9825383706044963,0.30118873900452547,1,False,0.27030677558873956,0.1
30,0.05,91,0.67258490941013005,0.82368673492844657,1,weak,False,10.112542898952549,10.0422289183907,0.45389182756104202,1,False,0.18827703542878421,0.0
30,0.05,91,0.79543979287252153,0.14651853340216603,1,weak,False,9.7441989568399681,10.020239712520409,0.38429188534709408,1,False,0.2375994317348879,0.05
30,0.05,91,0.82168452195466313,0.029794731669387332,1,weak,False,9.4538098259914829,9.993765139456789,0.31846638798794308,1,False,0.26211443119764222,0.1
30,0.05,92,0.67488609038261116,0.82690781601105279,1,weak,False,10.126103274152335,10.056838152142396,0.44619464800206377,1,False,0.18734056396016263,0.0
30,0.05,92,0.79682856348375219,0.14424054400976014,1,weak,False,9.7566880989965465,10.03506313610937,0.37871442731939481,1,False,0.23952545909568745,0.05
30,0.05,92,0.82357237880079603,0.028851639979187174,1,weak,False,9.4610183277867179,10.006942358911786,0.31200556906092047,1,False,0.26533070878953918,0.1
30,0.05,93,0.67076285060256402,0.83009152344833093,1,weak,False,10.120814876454491,10.052807942515212,0.45987422789180871,1,False,0.18083644177030014,0.0
30,0.05,93,0.7918500710606009,0.14197767692576049,1,weak,False,9.7504497365486671,10.030526843154167,0.39254372191070058,1,False,0.23638198754071807,0.05
30,0.05,93,0.81836462031798574,0.027930799625908411,1,weak,False,9.4529691933527822,10.001880485996944,0.32209757266664923,1,False,0.26354511514819834,0.1
30,0.05,94,0.67605510809245961,0.8332256435142511,1,weak,False,10.121414577209089,10.05508268422974,0.49812702444014878,1,False,0.16823090418321229,0.0
30,0.05,94,0.79666544157017904,0.1397340900530952,1,weak,False,9.7513199245219901,10.031647220201274,0.41860279192044558,1,False,0.22470783779931428,0.05
30,0.05,94,0.82262379586243795,0.027040266432653677,1,weak,False,9.4566641807924476,10.003061852230998,0.34244939367887867,1,False,0.25192359409743725,0.1
30,0.05,95,0.67435048284025856,0.83631536581886134,1,weak,False,10.123084536938007,10.058183470688478,0.45840756499243707,1,False,0.18521535495836278,0.0
30,0.05,95,0.79607392632089757,0.13750978019673579,1,weak,False,9.7527326341274918,10.033914906587253,0.37930514265522297,1,False,0.24120868604103904,0.05
30,0.05,95,0.82276653350088647,0.026174853984402915,1,weak,False,9.4581852599307332,10.005017287127105,0.31118283144600012,1,False,0.26741317521600472,0.1
30,0.05,96,0.67591334692251892,0.83936765709532779,1,weak,False,10.12366120989129,10.059527901561468,0.45274994806944746,1,False,0.18316212696736381,0.0
30,0.05,96,0.79833811496910112,0.13530487106761607,1,weak,False,9.7514032465527922,10.035939608590509,0.38067099835883011,1,False,0.24013018028661454,0.05
30,0.05,96,0.82526132869798485,0.02532747183705614,1,weak,False,9.4522230816128534,10.006539014908652,0.31139469061720071,1,False,0.26745959411964865,0.1
30,0.05,97,0.67453834484935049,0.84234417388800853,1,weak,False,10.125093457004185,10.062400428493801,0.50781715507938519,1,False,0.16587158983007141,0.0
30,0.05,97,0.79559513299922269,0.13314350498285418,1,weak,False,9.7549681204912062,10.039854581807019,0.42575401028491916,1,False,0.21977626838515826,0.05
30,0.05,97,0.82215600427717384,0.024512321129137191,1,weak,False,9.4564862425768634,10.012245405208038,0.35055112258889576,1,False,0.24615300913018479,0.1
30,0.05,98,0.67724929794943545,0.84524348109995495,1,weak,False,10.122897322390747,10.062025865214036,0.4958515846483359,1,False,0.17313808443074682,0.0
30,0.05,98,0.79817654517672731,0.13102694282359806,1,weak,False,9.7561933734198263,10.039716595110106,0.41618166164929793,1,False,0.22578397069284104,0.05
30,0.05,98,0.82412732017960355,0.023729576076447004,1,weak,False,9.4607780442419145,10.012559401778269,0.34352452021384366,1,False,0.25198313493639063,0.1
30,0.05,99,0.67465297167984206,0.84808874810078427,1,weak,False,10.120189209658124,10.060698973913727,0.48481270219313011,1,False,0.17589855314695974,0.0
30,0.05,99,0.79496774973885653,0.12894043422008536,1,weak,False,9.7544820656351217,10.038413136189085,0.40586286149507511,1,False,0.22799924593815013,0.05
30,0.05,99,0.82167248598258857,0.022970817679130368,1,weak,False,9.4594008779566821,10.010658673822588,0.33360388850891248,1,False,0.25433148794681332,0.1
30,0.05,100,0.67566499201117558,0.85086724003034342,1,weak,False,10.123774886624503,10.06526405557392,0.43767462402095847,1,False,0.19293598744911361,0.0
30,0.05,100,0.79478798444156995,0.12689365826951285,1,weak,False,9.7589202272638307,10.044761309375158,0.375058944637086,1,False,0.24302385116180492,0.05
30,0.05,100,0.82041939314464407,0.022239101700143652,1,weak,False,9.4631814153499114,10.01892585549014,0.31184949156030112,1,False,0.26761195483598899,0.1
30,0.05,101,0.68105206897683701,0.85361000137332599,1,weak,False,10.112645675996033,10.055411748309668,0.41931615549375745,1,False,0.20166384300441026,0.0
30,0.05,101,0.80087995866934281,0.12485945215497271,1,weak,False,9.7470516247186776,10.033932035805808,0.35388664082090088,1,False,0.25106350290171636,0.05
30,0.05,101,0.82614228055971783,0.021530546471701301,1,weak,False,9.4549433276377197,10.007806001843978,0.2934521027192426,1,False,0.27525485932139832,0.1
30,0.05,102,0.67476328710034494,0.85635360021555218,1,weak,False,10.108908769426078,10.052695992126111,0.46120525055500905,1,False,0.1866865868209896,0.0
30,0.05,102,0.79532796593237653,0.12281791256875982,1,weak,False,9.7398300936521238,10.028580392593108,0.38194733422567217,1,False,0.23821485359808972,0.05
30,0.05,102,0.82118284550897247,0.020828487215688061,1,weak,False,9.4437859773095578,9.9979096168812305,0.31195985699077189,1,False,0.26461577859777924,0.1
30,0.05,103,0.66949179865456676,0.85902301586001217,1,weak,False,10.114700898646987,10.059750637903065,0.45941919240045431,1,False,0.18741696592169754,0.0
30,0.05,103,0.78918137796828047,0.12081794904110865,1,weak,False,9.747663379688845,10.036596671001,0.38386340672391694,1,False,0.23896111071132428,0.05
30,0.05,103,0.81547760823501214,0.020159035098879112,1,weak,False,9.4549111863047806,10.010432563850877,0.32000308535258609,1,False,0.26289467890544999,0.1
30,0.05,104,0.67447581065837492,0.86160673807841737,1,weak,False,10.118662054977474,10.065122954143508,0.44026214477029069,1,False,0.19466034499802659,0.0
30,0.05,104,0.79188734351705148,0.11887450988249826,1,weak,False,9.7557024285876786,10.04386058736395,0.37310547773715669,1,False,0.24387150704642874,0.05
30,0.05,104,0.81787601340937943,0.019518752039084326,1,weak,False,9.4648445715339236,10.019268038093431,0.31277417694454401,1,False,0.26789187465021147,0.1
30,0.05,105,0.67555673524344739,0.86416270403351292,1,weak,False,10.110660345878664,10.058392867908525,0.43622482655539324,1,False,0.19473382346103524,0.0
30,0.05,105,0.79433953890752695,0.11694680536612526,1,weak,False,9.7476149383767314,10.035683516888211,0.36962690461413156,1,False,0.24324139452217589,0.05
30,0.05,105,0.82041762491300274,0.018890490600361656,1,weak,False,9.4546618997395324,10.00746364119982,0.30341586978879204,1,False,0.26819799518531978,0.1
30,0.05,106,0.67534826768826284,0.86669063057837847,1,weak,False,10.116588356663968,10.064818560595555,0.52518402898212657,1,False,0.15696904835545153,0.0
30,0.05,106,0.79329614869515541,0.1150307237670503,1,weak,False,9.7503368247565447,10.042513754668951,0.4472484891950364,1,False,0.21169225100175271,0.05
30,0.05,106,0.81912151409622735,0.018278645654571216,1,weak,False,9.4556691461969251,10.015123563045343,0.37001873414461534,1,False,0.23878806305339034,0.1
30,0.05,107,0.67760797370712633,0.86917901763363048,1,weak,False,10.124214129128237,10.073552110365135,0.47909940820773456,1,False,0.17306360466598192,0.0
30,0.05,107,0.79492853043360046,0.11313735529567462,1,weak,False,9.7578377061816859,10.050607092384633,0.40471736669415193,1,False,0.22816559183822352,0.05
30,0.05,107,0.82093657142107945,0.017683627070694981,1,weak,False,9.4623092575408876,10.02202373473729,0.33167514699335254,1,False,0.25444447250708163,0.1
30,0.05,108,0.67682706873939036,0.87161247995729807,1,weak,False,10.121772657762314,10.072156985860612,0.41265171058018457,1,False,0.20479337124923053,0.0
30,0.05,108,0.79431361146158141,0.11127640036762898,1,weak,False,9.7564262122210188,10.049888640314348,0.34887406594011899,1,False,0.25489986368469397,0.05
30,0.05,108,0.82020306478477922,0.01711111967507294,1,weak,False,9.4622186210325427,10.023378270574785,0.28891605863111525,1,False,0.27910777535046499,0.1
30,0.05,109,0.67820452337240844,0.87399978307358717,1,weak,False,10.1195138114028,10.070671003009217,0.44879860932639271,1,False,0.18545022170146619,0.0
30,0.05,109,0.79633893408601275,0.10944308889600489,1,weak,False,9.7537159050212061,10.049589402049104,0.38451094656190499,1,False,0.23698727605021,0.05
30,0.05,109,0.82224256856914157,0.016557128030407986,1,weak,False,9.4596411781732037,10.02350045925925,0.3198014724253922,1,False,0.26163044796601742,0.1
30,0.05,110,0.6779166316848918,0.87635788531967607,1,weak,False,10.123139651979519,10.075058338651845,0.42792538150021903,1,False,0.1897144043914287,0.0
30,0.05,110,0.79503416625784573,0.10762543406001615,1,weak,False,9.7556090091679177,10.053686246353575,0.36870523899690444,1,False,0.24484995942345647,0.05
30,0.05,110,0.82204229425957132,0.016016680620307751,1,weak,False,9.4592802238849156,10.02704558958297,0.30573444040205017,1,False,0.27005514532697639,0.1
30,0.05,111,0.67722063343402561,0.87867517680782647,1,weak,False,10.12718225005144,10.079995667782139,0.51605682759982652,1,False,0.15925235217121744,0.0
30,0.05,111,0.79395184143359832,0.10583428105944377,1,weak,False,9.7595857228963201,10.058890251935063,0.44592562304093386,1,False,0.21327966531757842,0.05
30,0.05,111,0.82050079732409764,0.015490542132729768,1,weak,False,9.4606079818408588,10.031235180804627,0.36789254540265603,1,False,0.24022102955205152,0.1
30,0.05,112,0.68005391724973763,0.88093470759891623,1,weak,False,10.125755362878559,10.080002559039814,0.51135289948513507,1,False,0.16193872148474592,0.0
30,0.05,112,0.79678087332055414,0.10407983889702337,1,weak,False,9.761277961314601,10.058556800757799,0.43549246285258042,1,False,0.21892930295498023,0.05
30,0.05,112,0.82330955606868461,0.014985453504060492,1,weak,False,9.4663002397999954,10.030487127574535,0.35798403693732161,1,False,0.24744074017577095,0.1
30,0.05,113,0.6858644293397782,0.88314654324955899,1,weak,False,10.127308955574245,10.082443476420432,0.55759821639881224,1,False,0.14967039665010801,0.0
30,0.05,113,0.80138883905413727,0.10235593427212759,1,weak,False,9.7635332511210304,10.061702317807409,0.4724235887605181,1,False,0.20189295832891829,0.05
30,0.05,113,0.82716047254224656,0.014497522478313285,1,weak,False,9.468094360822894,10.034655081361272,0.38863717495808947,1,False,0.22912965590933729,0.1
30,0.05,114,0.67704086117885653,0.88533480714247781,1,weak,False,10.120355035382183,10.076179021443124,0.48790712072018011,1,False,0.17061879044109451,0.0
30,0.05,114,0.79431432616272102,0.10064178833739038,1,weak,False,9.7542653010502818,10.054955791339131,0.41184155529744565,1,False,0.22803870113644328,0.05
30,0.05,114,0.82038585813047826,0.014023404520131717,1,weak,False,9.4598125328637757,10.0279398081887,0.34045435650745903,1,False,0.25597504996631881,0.1
30,0.05,115,0.67768267450042841,0.88747973365107735,1,weak,False,10.12251721015711,10.079504886391213,0.4806696328655351,1,False,0.17764953978585188,0.0
30,0.05,115,0.79396058878106923,0.098955230997035001,1,weak,False,9.7579922301408146,10.05747641325436,0.40312175850243637,1,False,0.23318318891161116,0.05
30,0.05,115,0.82018940431735954,0.013565035351887689,1,weak,False,9.4641474928941154,10.030321248156024,0.33295067992870397,1,False,0.26011431323029105,0.1
30,0.05,116,0.67620928451725659,0.88957621801888975,1,weak,False,10.122616551604118,10.080554717838263,0.47500040194287213,1,False,0.18242390036022729,0.0
30,0.05,116,0.79135657426965367,0.097300636749901956,1,weak,False,9.7594597232484617,10.059084558093947,0.40168725656803211,1,False,0.23080193990764789,0.05
30,0.05,116,0.81770234419721244,0.013123145231208206,1,weak,False,9.4664233411969931,10.032553843890103,0.33217202445049454,1,False,0.2557608534355415,0.1
30,0.05,117,0.67881712737150723,0.89165500251569951,1,weak,False,10.120872975793006,10.079453922739088,0.44927027730253399,1,False,0.18706856833309177,0.0
30,0.05,117,0.7933502655524961,0.095653383786953761,1,weak,False,9.7550676443211142,10.05698013858432,0.38142220509152802,1,False,0.24146587136779249,0.05
30,0.05,117,0.8198679844958715,0.012691613697346879,1,weak,False,9.4606859944134296,10.029842740260042,0.31658648949037771,1,False,0.26732668990130004,0.1
30,0.05,118,0.68241961383086791,0.89369150951384868,1,weak,False,10.119288749622722,10.078908195649513,0.51062472923224167,1,False,0.1675390152553935,0.0
30,0.05,118,0.79594164888418273,0.094035309145495474,1,weak,False,9.7551116290697131,10.056163974424074,0.43045331897005285,1,False,0.22007514546515775,0.05
30,0.05,118,0.82212959723529311,0.012273181340655906,1,weak,False,9.4598841714682909,10.027885025917056,0.35342356875260811,1,False,0.24647854856119644,0.1
30,0.05,119,0.68180156297176364,0.89568106961033611,1,weak,False,10.119198598013952,10.079709354958657,0.6200747982220951,1,False,0.12969422767209496,0.0
30,0.05,119,0.79568954652320167,0.092448361513016164,1,weak,False,9.7563386183935243,10.057580617717093,0.52770015399152825,1,False,0.18255678927128022,0.05
30,0.05,119,0.8217307553097607,0.01187056887664765,1,weak,False,9.462750633969824,10.030151742806835,0.43670298573566468,1,False,0.20982311192689473,0.1
30,0.05,120,0.68265450063513888,0.89762781676882275,1,weak,False,10.126797053626854,10.088144197448205,0.4819629157193947,1,False,0.17766926680756401,0.0
30,0.05,120,0.7965423784141481,0.090889411457838729,1,weak,False,9.7646431013046353,10.066312816571138,0.40792704176933536,1,False,0.22930252634162265,0.05
30,0.05,120,0.82257433110336386,0.01148277177333846,1,weak,False,9.4725188045806341,10.039615524295792,0.33721581014043633,1,False,0.25501848252863968,0.1
30,0.05,121,0.68309453819887733,0.89955562696016222,1,weak,False,10.122573220159344,10.084325682073485,0.46308801306933561,1,False,0.18334358179694532,0.0
30,0.05,121,0.79525953025006058,0.089341593403014272,1,weak,False,9.7574698977110152,10.062744558632495,0.39442111525814966,1,False,0.23408803904958977,0.05
30,0.05,121,0.82106697221099845,0.01110277963682361,1,weak,False,9.461396890145382,10.034936099549494,0.32523954384673154,1,False,0.25957230760473027,0.1
30,0.05,122,0.68578465775733666,0.90145076549205538,1,weak,False,10.112962389610574,10.075665095637916,0.48403501489509226,1,False,0.17105731166680749,0.0
30,0.05,122,0.79663140846028691,0.087812906106549599,1,weak,False,9.7484231278568689,10.053048303839329,0.41320475460926043,1,False,0.22581277144183887,0.05
30,0.05,122,0.82137245263127412,0.010736328401394919,1,weak,False,9.4553241544595235,10.025928296645171,0.34275668411508953,1,False,0.25048616471058166,0.1
30,0.05,123,0.68793707377825131,0.90330341023805993,1,weak,False,10.105718738622972,10.069588005436913,0.43832091537280266,1,False,0.19298705579658623,0.0
30,0.05,123,0.79846011654666682,0.086312214395764877,1,weak,False,9.7439319576465824,10.045914161646252,0.36639752374012208,1,False,0.24699812192134643,0.05
30,0.05,123,0.82310718057226329,0.010384375366175038,1,weak,False,9.4551002385335678,10.018807116380698,0.30391592762238984,1,False,0.27218016574870779,0.1
30,0.05,124,0.68640066486811413,0.90511808085631251,1,weak,False,10.10418999066421,10.068738092381757,0.42910617197716128,1,False,0.19433349408835254,0.0
30,0.05,124,0.79635008707591015,0.08483761860973775,1,weak,False,9.7427217954551768,10.045809407837078,0.36443890621311792,1,False,0.24707287777372852,0.05
30,0.05,124,0.82136564246525245,0.010044300533949772,1,weak,False,9.4542545476668831,10.018916111851635,0.30380759500127386,1,False,0.27175662281615021,0.1
30,0.05,125,0.68699467163963401,0.90689047688020707,1,weak,False,10.111734281474817,10.076776148156476,0.5778691831712971,1,False,0.14316189193231674,0.0
30,0.05,125,0.79536750271440337,0.083393361954007802,1,weak,False,9.7501861101090892,10.055855575527378,0.4922839963472414,1,False,0.1930004646103842,0.05
30,0.05,125,0.82002635024329185,0.0097161611657851747,1,weak,False,9.4612110141775378,10.02958996623302,0.40948771435898429,1,False,0.21966926166456005,0.1
30,0.05,126,0.68851971223204167,0.90861658917528898,1,weak,False,10.109783604799876,10.076002849798462,0.5100350638432628,1,False,0.16577499020532951,0.0
30,0.05,126,0.79806690564576477,0.081981953910760935,1,weak,False,9.7520935014942101,10.054356254104714,0.43567968010951519,1,False,0.21697592525235559,0.05
30,0.05,126,0.8220549242475329,0.0094014569139501247,1,weak,False,9.4680677238647544,10.026800518259002,0.36094139923902457,1,False,0.24312478347567187,0.1
30,0.05,127,0.68791824453252204,0.91032295095347004,1,weak,False,10.102484601869618,10.069452160905664,0.50702139092218346,1,False,0.16749767256331113,0.0
30,0.05,127,0.7976464255991339,0.080582943425322656,1,weak,False,9.7443122249226128,10.046227087523029,0.42286500794304388,1,False,0.22353966893255287,0.05
30,0.05,127,0.82203163226254405,0.0090941056212072505,1,weak,False,9.4580877416725926,10.017815190118782,0.34824954922170409,1,False,0.25004551852381107,0.1
30,0.05,128,0.68403071368891077,0.91199034347873131,1,weak,False,10.106354600447865,10.073938589718585,0.4210525742975913,1,False,0.20260076163049989,0.0
30,0.05,128,0.79344375556024815,0.079212004928012558,1,weak,False,9.7490669284320575,10.051635775623993,0.35257485244635828,1,False,0.25350983731582377,0.05
30,0.05,128,0.81838422818364254,0.0087976515932560069,1,weak,False,9.461482549448565,10.025270838615747,0.29280399361326342,1,False,0.27772638425051072,0.1
30,0.05,129,0.6857006843547222,0.9136325433680379,1,weak,False,10.109309323641586,10.077256771075804,0.44006383156148737,1,False,0.19267956111445933,0.0
30,0.05,129,0.79603517431360127,0.077858124454522656,1,weak,False,9.7500667650215664,10.055809392029193,0.37312867163498209,1,False,0.23957292938123814,0.05
30,0.05,129,0.82133498181217124,0.0085093321774394933,1,weak,False,9.4600421976005133,10.029868348757599,0.31097033077722858,1,False,0.26346160622345438,0.1
30,0.05,130,0.68839516532478739,0.91524105096477304,1,weak,False,10.108423996600859,10.077024713619663,0.52535386953155583,1,False,0.16084858382223594,0.0
30,0.05,130,0.79907452020202696,0.076528427173168739,1,weak,False,9.7498036344796102,10.056039156387618,0.44894091248169227,1,False,0.21085741107843931,0.05
30,0.05,130,0.82420173042885825,0.0082305218620582193,1,weak,False,9.4602202588801845,10.029534429712111,0.37489765984567192,1,False,0.23740187739697122,0.1
30,0.05,131,0.68539215745809523,0.91682441098746537,1,weak,False,10.113195122585074,10.08236589484541,0.49628810378946786,1,False,0.17053085039262683,0.0
30,0.05,131,0.7953180087773587,0.075215211142702576,1,weak,False,9.7537410821779531,10.06098788717782,0.41946468192146946,1,False,0.22317150042572481,0.05
30,0.05,131,0.8209729538867121,0.0079603778698319316,1,weak,False,9.4637739172483162,10.035190910615777,0.35117544589017008,1,False,0.24865763212130348,0.1
30,0.05,132,0.683955687483908,0.91837573718871213,1,weak,False,10.121318160926345,10.090970755616134,0.4697127445858027,1,False,0.17962513916143963,0.0
30,0.05,132,0.79473002734526288,0.073925794154163726,1,weak,False,9.7616164027482473,10.070615121345602,0.40502993491274097,1,False,0.22882625512418509,0.05
30,0.05,132,0.82043922549875581,0.0076984686571242127,1,weak,False,9.4693361494218653,10.044916632073569,0.3374975772040929,1,False,0.25386768827042933,0.1
30,0.05,133,0.68439336105168236,0.91990962902058393,1,weak,False,10.118652829141228,10.088817436315809,0.43297162064733818,1,False,0.19210226203962372,0.0
30,0.05,133,0.79659291764302542,0.072646720883634303,1,weak,False,9.757120118840767,10.0676062823739,0.37362284816706548,1,False,0.24322312702066645,0.05
30,0.05,133,0.82313072546604815,0.0074436500957816894,1,weak,False,9.4641784156382638,10.041847152806975,0.31213879918225612,1,False,0.26676388491334635,0.1
30,0.05,134,0.68323051537135415,0.92143914672991356,1,weak,False,10.126359594623205,10.096577083826132,0.44632615438642981,1,False,0.183709956275002,0.0
30,0.05,134,0.79574077569215118,0.071368255484269949,1,weak,False,9.758668787192283,10.075398985467521,0.38786852913011916,1,False,0.23847271947154766,0.05
30,0.05,134,0.82214237226391285,0.0071925977858163801,1,weak,False,9.4594852538564869,10.048955217202298,0.32446060933438592,1,False,0.26395598052426372,0.1
30,0.05,135,0.68375222708164474,0.92293435243845534,1,weak,False,10.124306750187802,10.095356357068574,0.44477427235895822,1,False,0.18828752334558668,0.0
30,0.05,135,0.79528400939854083,0.070114303345050533,1,weak,False,9.7586754280896546,10.073543380802512,0.37910217449457984,1,False,0.23944616826657439,0.05
30,0.05,135,0.82081572264555236,0.0069513442164940518,1,weak,False,9.4626231069469871,10.04717533208991,0.31550575602386838,1,False,0.26301398107382595,0.1
30,0.05,136,0.68794533059538776,0.92440180047305553,1,weak,False,10.115807922411314,10.087518674241306,0.45661677343848023,1,False,0.18783835962598955,0.0
30,0.05,136,0.7982761273232275,0.068879664264554899,1,weak,False,9.7506949477897322,10.065365175240219,0.38429668496051556,1,False,0.23756030790475938,0.05
30,0.05,136,0.82399854981496734,0.0067185352623894933,1,weak,False,9.4568076792442284,10.038887207119783,0.31988956045832473,1,False,0.26159446288435062,0.1
30,0.05,137,0.68407670933853337,0.92584158057906119,1,weak,False,10.120319311615312,10.092412153252996,0.50077981416737316,1,False,0.16904220871114786,0.0
30,0.05,137,0.79299861781799796,0.067666185443763002,1,weak,False,9.7541861456565062,10.071570927349468,0.42759159043356637,1,False,0.22094226905098185,0.05
30,0.05,137,0.81908444279128789,0.0064922339771757804,1,weak,False,9.4578384300078131,10.043690863134952,0.35324775092605643,1,False,0.24938856835108655,0.1
30,0.05,138,0.69193472519968335,0.92724032623914543,1,weak,False,10.118757165260513,10.091766296293674,0.48108600121769757,1,False,0.17421687596879099,0.0
30,0.05,138,0.79835026892291183,0.066483417133529205,1,weak,False,9.7567451027308181,10.070554597751745,0.41291001839924574,1,False,0.22688546474754148,0.05
30,0.05,138,0.82375067968361382,0.006276256627325328,1,weak,False,9.4651630401263311,10.043542888197317,0.34199115440930489,1,False,0.25363382143833058,0.1
30,0.05,139,0.69084655524850247,0.92861938846135716,1,weak,False,10.11347272038609,10.087073808567199,0.47790624975647211,1,False,0.17711967696118386,0.0
30,0.05,139,0.79631640884311972,0.065314222159562577,1,weak,False,9.751036874613991,10.064785899036796,0.40709230858237766,1,False,0.22861919278258688,0.05
30,0.05,139,0.82182555743285168,0.0060663893790801381,1,weak,False,9.4597283842958664,10.036350494617295,0.33560658329785098,1,False,0.25615465650614749,0.1
30,0.05,140,0.69166511822708543,0.92996791148895197,1,weak,False,10.115864841988472,10.089968255797219,0.52548205726022257,1,False,0.16380626600644274,0.0
30,0.05,140,0.79647003837191321,0.064167930905504184,1,weak,False,9.7539530336468125,10.068473704294149,0.44740140916372118,1,False,0.21368209264091328,0.05
30,0.05,140,0.82160179442181569,0.0058641576055438183,1,weak,False,9.4630400349282979,10.040879480548318,0.37016165828600106,1,False,0.24257941647066827,0.1
30,0.05,141,0.6896752764772841,0.93128633983711939,1,weak,False,10.114709083404964,10.089441848200535,0.4504127814700431,1,False,0.18753744521301069,0.0
30,0.05,141,0.79561071414472562,0.063044502046456272,1,weak,False,9.7542954816424583,10.068026124953921,0.38651177161824424,1,False,0.23894509449294768,0.05
30,0.05,141,0.82097339647042711,0.005669158116424329,1,weak,False,9.465306545497068,10.03934836627478,0.31831463025758799,1,False,0.26804171621000794,0.1
30,0.05,142,0.68740904724587637,0.93257264942510343,1,weak,False,10.115000132975858,10.090377088564187,0.44147316008297682,1,False,0.18966831098203105,0.0
30,0.05,142,0.79271154132352395,0.0619461994073277,1,weak,False,9.7569080902020318,10.069085832042411,0.37830571433986154,1,False,0.24156321244633644,0.05
30,0.05,142,0.81850526726656936,0.0054811511675688226,1,weak,False,9.467539356208226,10.04081929561624,0.31169471512733488,1,False,0.26876146085657437,0.1
30,0.05,143,0.69013703829303319,0.93384354296588434,1,weak,False,10.120905093895061,10.096545390756747,0.45623717540809622,1,False,0.18767944382815593,0.0
30,0.05,143,0.79341007154301135,0.060858673594355948,1,weak,False,9.760095538397918,10.075386483892013,0.38987895050533511,1,False,0.23614065572615939,0.05
30,0.05,143,0.81831571533999659,0.0052977834397595945,1,weak,False,9.466605488946378,10.047891612353254,0.32219714268431243,1,False,0.26301649364668961,0.1
30,0.05,144,0.6954107325632497,0.93509501676452622,1,weak,False,10.112259390750708,10.088413362354261,0.50584003887371654,1,False,0.16391819107022682,0.0
30,0.05,144,0.79735123279071007,0.059784087163539897,1,weak,False,9.7509319031454549,10.06649799170385,0.43246905813238662,1,False,0.21622445786073036,0.05
30,0.05,144,0.82187632047494674,0.0051208960719338163,1,weak,False,9.460897718605759,10.039163345582399,0.35888616839961346,1,False,0.24282109543441532,0.1
30,0.05,145,0.6916786752373324,0.93630907261969853,1,weak,False,10.10982146242142,10.086598520490448,0.56080156577627771,1,False,0.14127684670953414,0.0
30,0.05,145,0.79304554399119009,0.058739187554700409,1,weak,False,9.7517992002191392,10.06590022105952,0.4897169943504448,1,False,0.19368206357354381,0.05
30,0.05,145,0.81764189677991339,0.0049517398256009957,1,weak,False,9.4651724729725046,10.038785845500334,0.40675812218865043,1,False,0.22091775281122697,0.1
30,0.05,146,0.69382438089614984,0.93749763599848634,1,weak,False,10.113880205158383,10.09121189322102,0.4705051568660476,1,False,0.17587245170907609,0.0
30,0.05,146,0.79618276530341348,0.057713361179880192,1,weak,False,9.7569807476845405,10.07007909496814,0.41128246981943467,1,False,0.22839132094168502,0.05
30,0.05,146,0.82081656064737141,0.0047890028216334788,1,weak,False,9.4720408602590265,10.044244506565141,0.34295312771892966,1,False,0.25377654721150339,0.1
30,0.05,147,0.70086653095215201,0.93867025841742113,1,weak,False,10.116620086285087,10.094295472404522,0.54388322985328075,1,False,0.1554004781818524,0.0
30,0.05,147,0.80418481946732734,0.056700315397000579,1,weak,False,9.7582860399711233,10.073061156348135,0.46547461833843246,1,False,0.20730933365840559,0.05
30,0.05,147,0.82930344879475382,0.0046294261855782445,1,weak,False,9.4680998818348829,10.044951234526383,0.38395987681200794,1,False,0.23525396042483396,0.1
30,0.05,148,0.69857515413215365,0.93983883501947374,1,weak,False,10.116131332173149,10.09404319493281,0.43654550671806042,1,False,0.19732890787954144,0.0
30,0.05,148,0.80095535605468604,0.05568859816206103,1,weak,False,9.753375934237857,10.071503093285635,0.36885031986725447,1,False,0.24603358334073216,0.05
30,0.05,148,0.82569544605951539,0.0044725668184652278,1,weak,False,9.4594226642001171,10.041690774529378,0.30230224174339354,1,False,0.27221142069037363,0.1
30,0.05,149,0.69561108529889515,0.94098617056397649,1,weak,False,10.103005050134138,10.081423715950507,0.49685177305205175,1,False,0.17702834122032085,0.0
30,0.05,149,0.79980003363611163,0.054692713128638069,1,weak,False,9.7408233202426899,10.05847462441614,0.41783765056750005,1,False,0.22523912265567583,0.05
30,0.05,149,0.82583319463467253,0.004321116307385583,1,weak,False,9.4486568852656081,10.028507393665659,0.34362818757932179,1,False,0.25171882557933273,0.1
30,0.05,150,0.68822427438618705,0.94210275927861353,1,weak,False,10.113268632805791,10.092108291953561,0.49529952155435653,1,False,0.17350051511157694,0.0
30,0.05,150,0.79251100583153533,0.05372162308980126,1,weak,False,9.7525593588045094,10.070540974269926,0.42285692815415371,1,False,0.22053889880494426,0.05
30,0.05,150,0.81856439384442237,0.0041756176315852255,1,weak,False,9.4593173951787257,10.042571964658626,0.35049905739093207,1,False,0.24789608204817093,0.1
30,0.05,151,0.6927574606142799,0.94318765232519286,1,weak,False,10.114214524754464,10.093666413303971,0.55865089773916521,1,False,0.14887840582839426,0.0
30,0.05,151,0.79734011396538018,0.052776144149664216,1,weak,False,9.7570192639491626,10.072376256499066,0.47803153552637057,1,False,0.19935626999809877,0.05
30,0.05,151,0.82357671423775192,0.0040362035251429226,1,weak,False,9.4659481554574487,10.04477103059153,0.39669412182560637,1,False,0.22626672384206525,0.1
30,0.05,152,0.68364693422030864,0.94424548841459421,1,weak,False,10.122271706715383,10.102077026395454,0.41823626538968295,1,False,0.19473523773108328,0.0
30,0.05,152,0.78855315268310522,0.051852817517835721,1,weak,False,9.7659406520663303,10.082319138658017,0.36475594379700493,1,False,0.24573680625323882,0.05
30,0.05,152,0.81459743514541472,0.0039016940675701277,1,weak,False,9.4730955298934827,10.05535965298742,0.30286919908628357,1,False,0.27206910701660969,0.1
30,0.05,153,0.69550466765397645,0.94528301157313432,1,weak,False,10.116310885874084,10.096705533022098,0.47845654372936519,1,False,0.17636122515792804,0.0
30,0.05,153,0.79979996650214857,0.05094529277693121,1,weak,False,9.7620249843146052,10.075427393332943,0.41060314870928555,1,False,0.22687981149499423,0.05
30,0.05,153,0.8261279547414111,0.0037716956499345218,1,weak,False,9.469245951159424,10.048857785306803,0.34046023325060004,1,False,0.25252583034656723,0.1
30,0.05,154,0.69291257939900353,0.94630694135424409,1,weak,False,10.117168497191576,10.09773108882645,0.46954179902058807,1,False,0.18036125615179535,0.0
30,0.05,154,0.79550177745921735,0.050047928092394542,1,weak,False,9.7600260336080531,10.077314846547569,0.40728438367917719,1,False,0.22673666617784904,0.05
30,0.05,154,0.82130136224741557,0.0036451305533613844,1,weak,False,9.4648062966194271,10.050611900142782,0.33963716017266959,1,False,0.25077349690074058,0.1
30,0.05,155,0.69385918644691036,0.94731533692045644,1,weak,False,10.108016419321876,10.089059721123411,0.48558029195506469,1,False,0.1765896623912446,0.0
30,0.05,155,0.79645783559910899,0.049161751778905111,1,weak,False,9.7510843345693807,10.067252549957612,0.41450468832214049,1,False,0.22707711089024804,0.05
30,0.05,155,0.8220959407517856,0.0035229113006385623,1,weak,False,9.459397347032457,10.039703306050134,0.34446524023817959,1,False,0.25442305922715985,0.1
30,0.05,156,0.69456548135448537,0.94829540978068927,1,weak,False,10.106592933737643,10.088164002801015,0.46857412588748037,1,False,0.18133727231781063,0.0
30,0.05,156,0.79668063728447214,0.04829895570544504,1,weak,False,9.7529382669171856,10.06689248737081,0.40537508603436562,1,False,0.22772032815540832,0.05
30,0.05,156,0.82147129353184734,0.0034056345138655871,1,weak,False,9.4639639518923158,10.038338181260281,0.33463065560087007,1,False,0.25288049034007942,0.1
30,0.05,157,0.69060667726421421,0.94925595187350631,1,weak,False,10.098067853330068,10.080146258923087,0.45350129086319807,1,False,0.18577384179426376,0.0
30,0.05,157,0.79202292925525963,0.047451609411256292,1,weak,False,9.7462065759443011,10.057945458848927,0.38863898445040362,1,False,0.23732840549338866,0.05
30,0.05,157,0.81731310543132174,0.0032924387152373905,1,weak,False,9.4593246066502221,10.028470593139719,0.32027764969764322,1,False,0.26442903608239915,0.1
30,0.05,158,0.69192787831384472,0.95019941954987686,1,weak,False,10.103673675629915,10.086224419795021,0.45037030623853624,1,False,0.19374815400061635,0.0
30,0.05,158,0.79446663120521188,0.046617802449095684,1,weak,False,9.7529115095100583,10.062520504556286,0.38094106592896504,1,False,0.24116701905534638,0.05
30,0.05,158,0.82073206368087726,0.003182778001027444,1,weak,False,9.4646855002548538,10.033371819373048,0.31365857313079992,1,False,0.26641750102036127,0.1
30,0.05,159,0.6911615119465897,0.95112917582579193,1,weak,False,10.114493340829775,10.097055251183347,0.42701950336107164,1,False,0.19919773543456068,0.0
30,0.05,159,0.79349055489187847,0.045794907952539647,1,weak,False,9.7598059765640919,10.075561022324473,0.36986619939845078,1,False,0.24652531106100367,0.05
30,0.05,159,0.81968125189370322,0.0030759162216683492,1,weak,False,9.466321845304023,10.047529932683801,0.30692990072039394,1,False,0.27299999674166059,0.1
30,0.05,160,0.69682361105689516,0.9520503764124284,1,weak,False,10.111044684108963,10.093936378416998,0.45298649280452324,1,False,0.19027883178009702,0.0
30,0.05,160,0.80041127907476384,0.044977941936963035,1,weak,False,9.7545073994515192,10.070821983693476,0.38325695541912308,1,False,0.23976843932915698,0.05
30,0.05,160,0.8268818963683302,0.0029716816506085799,1,weak,False,9.4602808859569318,10.04111966517392,0.31522200800637529,1,False,0.26724999833083446,0.1
30,0.05,161,0.69071057899649835,0.95295441814581749,1,weak,False,10.11248011338982,10.095620559128662,0.50117593285569695,1,False,0.17030570142624707,0.0
30,0.05,161,0.79498396274663397,0.044175240873288481,1,weak,False,9.7551863067127158,10.073440761181498,0.42986528742623747,1,False,0.21631135588846137,0.05
30,0.05,161,0.8220204515602848,0.0028703409808941184,1,weak,False,9.458011417802906,10.04243290381539,0.35126277056827881,1,False,0.24262206985076387,0.1
30,0.05,162,0.69359473817119377,0.95383639275845433,1,weak,False,10.124185663381288,10.107603175730494,0.5242769199562437,1,False,0.16228883651415918,0.0
30,0.05,162,0.79719656880676892,0.043390454419869773,1,weak,False,9.7672359286382306,10.086753904482419,0.45102779344545091,1,False,0.20951386584386839,0.05
30,0.05,162,0.82348304965013586,0.0027731528216760402,1,weak,False,9.4703717260660394,10.058305820183154,0.37398310607535523,1,False,0.23585439574568315,0.1
30,0.05,163,0.69050198178101452,0.95470930523973152,1,weak,False,10.1176742870159,10.101407780440892,0.4668442491796827,1,False,0.18545183346843983,0.0
30,0.05,163,0.79415535743705512,0.042611993562474262,1,weak,False,9.7590605760619997,10.079119235197394,0.39454575502884764,1,False,0.23397652872660749,0.05
30,0.05,163,0.82104708940834603,0.002678701197794169,1,weak,False,9.4627427529664967,10.049834557162114,0.32456850617092958,1,False,0.26089256954598578,0.1
30,0.05,164,0.69083416007562271,0.95556288957230284,1,weak,False,10.115892682947562,10.099995227228584,0.46392355192816548,1,False,0.18488814060152139,0.0
30,0.05,164,0.79451956864184681,0.04184955690297696,1,weak,False,9.7585247105297626,10.077914364395919,0.40053234082069955,1,False,0.23164112349983729,0.05
30,0.05,164,0.82094341006856908,0.0025875535247202159,1,weak,False,9.462672782574149,10.047888868403227,0.32985010687416122,1,False,0.2577222008296442,0.1
30,0.05,165,0.6907957549543996,0.95639622898329657,1,weak,False,10.116374414716329,10.100885030605291,0.53875466270288752,1,False,0.15550369132666436,0.0
30,0.05,165,0.79442436414589968,0.041103772664058381,1,weak,False,9.7610134401071704,10.078660264968494,0.46430092748333979,1,False,0.20529801198096767,0.05
30,0.05,165,0.82154800261307426,0.0024999983526449057,1,weak,False,9.4667362817732883,10.049410901776431,0.38495293975744993,1,False,0.23189104387874951,0.1
30,0.05,166,0.69037825121238094,0.95720671846949246,1,weak,False,10.123324860344349,10.108179253603165,0.5305050711771454,1,False,0.1611054979235248,0.0
30,0.05,166,0.79389841067593181,0.040377519525989114,1,weak,False,9.7701667384953197,10.087043749808972,0.45936716258182908,1,False,0.20751896461824101,0.05
30,0.05,166,0.82016731065069404,0.0024157620045184664,1,weak,False,9.4745572842390704,10.05870188412805,0.38099506555979817,1,False,0.23402321996601261,0.1
30,0.05,167,0.68995514324806584,0.95800175738413662,1,weak,False,10.11385368192296,10.099160925297822,0.47495524372114428,1,False,0.17615357138904078,0.0
30,0.05,167,0.79255015932430328,0.039663656589956423,1,weak,False,9.7627230015522368,10.076453251232291,0.40996844020983952,1,False,0.22825641646386602,0.05
30,0.05,167,0.81890020160983157,0.0023345860259068579,1,weak,False,9.4697870587233268,10.047805948604486,0.34032146124373824,1,False,0.25461130832496826,0.1
30,0.05,168,0.69053468298042242,0.95878607197658472,1,weak,False,10.110556729207005,10.096195158356409,0.48768170870411226,1,False,0.17579081723308002,0.0
30,0.05,168,0.79388582529473717,0.038958345991994568,1,weak,False,9.7591518599883802,10.072041960536399,0.41433422230929451,1,False,0.22466956428054502,0.05
30,0.05,168,0.82062722662356791,0.0022555820314206915,1,weak,False,9.4647738959182881,10.042197302112681,0.34243108639884734,1,False,0.24991624150845287,0.1
30,0.05,169,0.69517391366113646,0.95956109632773889,1,weak,False,10.115889566361638,10.101672317649784,0.46477141652911419,1,False,0.18291198666414599,0.0
30,0.05,169,0.80025700824722068,0.038260136420892842,1,weak,False,9.7615089635899661,10.077677973158371,0.39841626514738632,1,False,0.23124984199103193,0.05
30,0.05,169,0.82780527469740783,0.0021787672513681982,1,weak,False,9.4653851410756094,10.047885959816657,0.3308671110430661,1,False,0.25519672124352666,0.1
30,0.05,170,0.6873674765305402,0.96032197807876141,1,weak,False,10.123678400056916,10.109510506815793,0.4896917445675078,1,False,0.16816218980887535,0.0
30,0.05,170,0.79176151579523213,0.037574044371978615,1,weak,False,9.7665503197254537,10.088067403877465,0.42755138157727429,1,False,0.21941158026979088,0.05
30,0.05,170,0.81961538769025444,0.0021039775492599781,1,weak,False,9.4647040288115196,10.058467162065634,0.35592982759369141,1,False,0.24635635990331622,0.1
30,0.05,171,0.69180269857529897,0.96106826772694087,1,weak,False,10.127207130410332,10.113325548873965,0.44049173351617815,1,False,0.19148895786503284,0.0
30,0.05,171,0.79807605768004142,0.036899736055760732,1,weak,False,9.7701288734501244,10.091729638692055,0.38280592117907308,1,False,0.2388084756109804,0.05
30,0.05,171,0.8251397021158754,0.0020319962172984079,1,weak,False,9.4701110645064954,10.062772529473353,0.31566863243646176,1,False,0.26392505493962981,0.1
30,0.05,172,0.68692553225709152,0.96180460219763031,1,weak,False,10.1289347905296,10.115165845688406,0.42408019786403889,1,False,0.19320765446556906,0.0
30,0.05,172,0.79268565591963724,0.036233354008179307,1,weak,False,9.7688336730037442,10.094454913478842,0.37219996254241228,1,False,0.24397782329841952,0.05
30,0.05,172,0.81936792514766166,0.0019620437941903855,1,weak,False,9.466515002022593,10.065708115133779,0.30918704999943752,1,False,0.27116637177714009,0.1
30,0.05,173,0.69109048412276231,0.9625262794652425,1,weak,False,10.117248671936824,10.103997898193997,0.56358720051740563,1,False,0.14729765855457191,0.0
30,0.05,173,0.79451819368134335,0.035578961732117879,1,weak,False,9.7606643635631603,10.080488957300394,0.47858109647367258,1,False,0.1989185430516246,0.05
30,0.05,173,0.82060279732473962,0.0018947588026395591,1,weak,False,9.4618989832740574,10.051252516845398,0.39426291115234935,1,False,0.22517470483577195,0.1
30,0.05,174,0.69703422655259584,0.96322859215750301,1,weak,False,10.115125529761539,10.102254929279644,0.46345934420088186,1,False,0.17859798423958795,0.0
30,0.05,174,0.80101966159471971,0.034940935859531647,1,weak,False,9.7615788720574521,10.07877329804262,0.39609039975156496,1,False,0.2349304159035272,0.05
30,0.05,174,0.8267845766830213,0.0018304719829652773,1,weak,False,9.4675698737415939,10.049619077586879,0.32850123685319133,1,False,0.26160702377208611,0.1
30,0.05,175,0.69372418713607664,0.96391759772455854,1,weak,False,10.109422551432976,10.096834064504527,0.48040299692277355,1,False,0.17465467626792791,0.0
30,0.05,175,0.79809425942663348,0.034314458744054858,1,weak,False,9.7566308061701257,10.07315123545933,0.40708045778050395,1,False,0.22914718784576138,0.05
30,0.05,175,0.82488001800531818,0.0017679435313865627,1,weak,False,9.4598320556610442,10.042234044534997,0.33358000831836004,1,False,0.25640185832283324,0.1
30,0.05,176,0.69161026042146356,0.96459553921092778,1,weak,False,10.119439301067402,10.106867514734173,0.42591462730889912,1,False,0.19408119965413351,0.0
30,0.05,176,0.79437735246247121,0.033696767279562952,1,weak,False,9.7628414695924821,10.085413775323694,0.37195552801520648,1,False,0.24564429394712917,0.05
30,0.05,176,0.82049684635019415,0.0017076935095093719,1,weak,False,9.4648908395621909,10.058389435992154,0.31036148586438694,1,False,0.27060713286704807,0.1
30,0.05,177,0.68889210192620409,0.9652589971743033,1,weak,False,10.112940208961602,10.100651546726793,0.41255621428012534,1,False,0.19875158209930813,0.0
30,0.05,177,0.79103009833319715,0.033091138550486364,1,weak,False,9.7573468383549766,10.079304157065346,0.36093576106400271,1,False,0.25121786346200181,0.05
30,0.05,177,0.81688156532150791,0.0016498642752103975,1,weak,False,9.4636690768451945,10.051987722102972,0.30074581910942261,1,False,0.27682371698900182,0.1
30,0.05,178,0.69337008040882153,0.96591561408310489,1,weak,False,10.116708996192708,10.104573810929303,0.49734927254023187,1,False,0.16837918311846156,0.0
30,0.05,178,0.79595262945906364,0.03249074129635985,1,weak,False,9.7581806611151904,10.082715542780653,0.43009422102239242,1,False,0.21858010159373242,0.05
30,0.05,178,0.82219391941947884,0.0015936446205353136,1,weak,False,9.4641918452544243,10.054766499703238,0.35631881440243329,1,False,0.24407171600709959,0.1
30,0.05,179,0.69091507767987481,0.96655785738564726,1,weak,False,10.11826931421334,10.106384506735647,0.49771666536008902,1,False,0.16952711860879163,0.0
30,0.05,179,0.79161686759450656,0.031902672052444903,1,weak,False,9.7604870487846203,10.084913407943514,0.43000476899863072,1,False,0.22013080982729127,0.05
30,0.05,179,0.81722356677163366,0.0015394705619076728,1,weak,False,9.467513118529018,10.056645849769499,0.35710630465463478,1,False,0.2466702649756109,0.1
30,0.05,180,0.69401171229557923,0.96717918476714737,1,weak,False,10.103090250843948,10.091760975916122,0.45144750889479451,1,False,0.1824829397837732,0.0
30,0.05,180,0.79486912613280747,0.031333069425578633,1,weak,False,9.752980166456565,10.068562608054139,0.38647738693485312,1,False,0.23690123756078824,0.05
30,0.05,180,0.82106041337565205,0.0014877458072741544,1,weak,False,9.4652760055228544,10.038509805513396,0.3180882045676493,1,False,0.26341520944697572,0.1
30,0.05,181,0.68927733770497579,0.96778234100950322,1,weak,False,10.108340563867726,10.097247453105183,0.50435233856297867,1,False,0.1650771562717554,0.0
30,0.05,181,0.78990824615133259,0.03077971509081924,1,weak,False,9.760709089244628,10.075669849169829,0.43748297223069449,1,False,0.21520132260772123,0.05
30,0.05,181,0.81629841851522655,0.0014379438996774399,1,weak,False,9.4693783134280327,10.047661554134976,0.36354971851746259,1,False,0.24124961581269244,0.1
30,0.05,182,0.69835964082717839,0.96837174374672352,1,weak,False,10.114004197397994,10.103191484683487,0.42667149454630299,1,False,0.19285095862850804,0.0
30,0.05,182,0.79899422579962509,0.030238292661135362,1,weak,False,9.7682115208360951,10.081270120863936,0.37071967837852149,1,False,0.2416776348338309,0.05
30,0.05,182,0.82464880572106947,0.0013899635921412413,1,weak,False,9.4772696493197497,10.053438099358374,0.30812552917196823,1,False,0.26595895429308558,0.1
30,0.05,183,0.69696191445972033,0.9689623734935835,1,weak,False,10.105269229893622,10.094573564495956,0.47097425002340487,1,False,0.17778756604033033,0.0
30,0.05,183,0.79849596408678669,0.029695219050022856,1,weak,False,9.7545617749657314,10.070404281955691,0.39811243306251193,1,False,0.23165323712547922,0.05
30,0.05,183,0.82515928734001875,0.0013424074563937428,1,weak,False,9.4581789642810428,10.038656032200189,0.32681368225884716,1,False,0.25903609519732645,0.1
30,0.05,184,0.6935339058685992,0.9695394933379553,1,weak,False,10.11087818443081,10.100302456841527,0.42653603849878058,1,False,0.19422520202138446,0.0
30,0.05,184,0.79689113785703447,0.029163695800025546,1,weak,False,9.7595006998686138,10.078098823204593,0.36884238416432769,1,False,0.24503611420198351,0.05
30,0.05,184,0.82401410257720653,0.0012968108620193101,1,weak,False,9.4635335326478369,10.049526288570609,0.30582301182773436,1,False,0.26991566002555661,0.1
30,0.05,185,0.69099965130869523,0.97010730877152052,1,weak,False,10.115332351676001,10.10488381621373,0.5003129062708378,1,False,0.16481873830570529,0.0
30,0.05,185,0.79439269229236764,0.028640166136831222,1,weak,False,9.7622398428614492,10.083372116318975,0.43624896251151862,1,False,0.21940519117563612,0.05
30,0.05,185,0.82051591449721217,0.0012525250916483794,1,weak,False,9.464233058525922,10.05403675768345,0.36255001489361871,1,False,0.24589528453118553,0.1
30,0.05,186,0.69041126305921252,0.97066219279213339,1,weak,False,10.114236197133842,10.104070945761842,0.40725364082928633,1,False,0.19365876374005564,0.0
30,0.05,186,0.79348182302815695,0.028127707387617835,1,weak,False,9.7632290962977493,10.08196060241743,0.35180346122008799,1,False,0.25306701762774442,0.05
30,0.05,186,0.81994285845489234,0.0012100998202487507,1,weak,False,9.4686016363573344,10.053708767585903,0.29175945139612391,1,False,0.28007021619359412,0.1
30,0.05,187,0.69617608866158698,0.97120811954541775,1,weak,False,10.118780655387328,10.108689362210338,0.47059196920928176,1,False,0.17755608001224629,0.0
30,0.05,187,0.79946590545134921,0.027622855229928567,1,weak,False,9.7652462912153624,10.088003534969115,0.40916340802058854,1,False,0.2296968794469359,0.05
30,0.05,187,0.82556137409526564,0.001169025224653758,1,weak,False,9.4687706461619978,10.061131244644143,0.34137333155723881,1,False,0.25519025240127158,0.1
30,0.05,188,0.69111297515932446,0.97175389481179875,1,weak,False,10.113066315061749,10.103100830225806,0.51793689090052164,1,False,0.15575755949500031,0.0
30,0.05,188,0.79459443017099807,0.027117437348297708,1,weak,False,9.7549086926091242,10.080214966065698,0.44836724079516116,1,False,0.21123398828653597,0.05
30,0.05,188,0.82128149664521244,0.0011286678399036318,1,weak,False,9.4573882711071722,10.049909010770213,0.36960545797003569,1,False,0.23934101346953743,0.1
30,0.05,189,0.68692273552103644,0.97228721650296168,1,weak,False,10.122135831527794,10.112440736548047,0.43141314107735274,1,False,0.19159328522409699,0.0
30,0.05,189,0.79102159113526416,0.026622966049191978,1,weak,False,9.7658870878712403,10.0888265568663,0.37049657138380987,1,False,0.24373914682870512,0.05
30,0.05,189,0.81879155942669546,0.0010898174478462736,1,weak,False,9.4695455682727196,10.05781030471621,0.30446355458710317,1,False,0.27110484703910193,0.1
30,0.05,190,0.69670327539130406,0.97280660936626573,1,weak,False,10.126929794196151,10.11739524491308,0.51013519095751236,1,False,0.16293213713653776,0.0
30,0.05,190,0.79936695423163717,0.026141001138340822,1,weak,False,9.7716367129720911,10.095585185925197,0.44404931311420992,1,False,0.21221936403640251,0.05
30,0.05,190,0.82621694604360374,0.0010523894953934762,1,weak,False,9.4730034480806378,10.065626723845085,0.36659832299587414,1,False,0.24103221667297559,0.1
30,0.05,191,0.6939354634355166,0.97332014060572514,1,weak,False,10.118677181622862,10.10928938038348,0.43222705062388311,1,False,0.18701381401377157,0.0
30,0.05,191,0.79608452784463413,0.025663665680024518,1,weak,False,9.7613137341109226,10.086812004021182,0.37929925506930651,1,False,0.23916657982271078,0.05
30,0.05,191,0.8225231062242605,0.0010161937142502866,1,weak,False,9.4646624907936943,10.05728000699497,0.31403068731561345,1,False,0.26522625092996871,0.1
30,0.05,192,0.6951277543868648,0.97382246937000561,1,weak,False,10.12167693181922,10.11245367576492,0.46941195696510413,1,False,0.17239022025530848,0.0
30,0.05,192,0.79546891792329655,0.025196215229270985,1,weak,False,9.7645309654538242,10.090798076504601,0.41241069260276086,1,False,0.22800797031441156,0.05
30,0.05,192,0.82143882044509109,0.00098131540072342988,1,weak,False,9.467609621958605,10.061955769499336,0.34289187420270378,1,False,0.25615754353073455,0.1
30,0.05,193,0.69549598881460917,0.97431542404244786,1,weak,False,10.114479010026896,10.10550588393556,0.52417372351376246,1,False,0.1582731805904026,0.0
30,0.05,193,0.79654270190227372,0.024736842954339797,1,weak,False,9.7586816477786744,10.082612811133517,0.4557584420700635,1,False,0.20901407187785329,0.05
30,0.05,193,0.82219917331336623,0.00094773300321241642,1,weak,False,9.4653864129306022,10.052753630903492,0.37566603430890511,1,False,0.23545828306637043,0.1
30,0.05,194,0.69298037266341705,0.97479766359143705,1,weak,False,10.119367537605106,10.110550187000433,0.47163226389216378,1,False,0.17753645244057661,0.0
30,0.05,194,0.79490976777309685,0.024286921328602339,1,weak,False,9.7636970705817383,10.088446566566258,0.41059998499606915,1,False,0.22800270284801533,0.05
30,0.05,194,0.82039979256345852,0.00091541507996065435,1,weak,False,9.4710255456163139,10.059380503986331,0.34060901601108057,1,False,0.25389423689240903,0.1
30,0.05,195,0.69297363686640134,0.97526996493943974,1,weak,False,10.118072344305226,10.109434494237048,0.47684937989673043,1,False,0.17481308216505773,0.0
30,0.05,195,0.79443144247236808,0.023845832409629359,1,weak,False,9.7630355840830614,10.087489904058113,0.41300963591804257,1,False,0.22819599283047934,0.05
30,0.05,195,0.82020501846005123,0.00088420265093090526,1,weak,False,9.46914389917732,10.059214494229989,0.3435168029549045,1,False,0.25464675414655291,0.1
30,0.05,196,0.69189018498508448,0.97573457955274423,1,weak,False,10.113713869115633,10.105305795544718,0.41737862872894183,1,False,0.20064936373358652,0.0
30,0.05,196,0.79377413315580247,0.023411535880558061,1,weak,False,9.7595984466088019,10.081726345268986,0.35597954209141236,1,False,0.25203085541354803,0.05
30,0.05,196,0.82037792971809198,0.00085388456669768754,1,weak,False,9.4648857797942867,10.051554152992262,0.29254113960954892,1,False,0.27740090096091169,0.1
30,0.05,197,0.69179529098750303,0.9761947103653984,1,weak,False,10.114713761564682,10.106383503974609,0.44262083540260433,1,False,0.19102756979048913,0.0
30,0.05,197,0.79395091884631119,0.022980983553500471,1,weak,False,9.7571652235574291,10.082697855164582,0.37825481472407507,1,False,0.23995877843865279,0.05
30,0.05,197,0.82080707127177921,0.00082430608110103194,1,weak,False,9.4588987248005854,10.052540443859007,0.31232834821854466,1,False,0.26454166023657993,0.1
30,0.05,198,0.69965272372894571,0.97664418327018954,1,weak,False,10.112688758300711,10.104531318962612,0.46305530803460188,1,False,0.18289430178761584,0.0
30,0.05,198,0.80043803102116606,0.022559835976281809,1,weak,False,9.7561587161223553,10.081428388729655,0.39798464529139965,1,False,0.23029129539618784,0.05
30,0.05,198,0.82632232412084072,0.00079598075352870022,1,weak,False,9.4606118810848656,10.052906596036015,0.33178503745779525,1,False,0.25440683390269647,0.1
30,0.05,199,0.70033037990405755,0.97708720565950269,1,weak,False,10.107516446559339,10.099541639226093,0.51067817356667855,1,False,0.16765948416390763,0.0
30,0.05,199,0.80211789120630506,0.022144388259986478,1,weak,False,9.7507271588233966,10.075217099920025,0.43048886795470098,1,False,0.21773242745977367,0.05
30,0.05,199,0.82830851311510845,0.00076840608051086709,1,weak,False,9.4550506830690324,10.043141972395915,0.35358621655135081,1,False,0.24563319747956763,0.1
